69615
98255
24447
67350
74184
75395
86568
10657
90735
14073
6795
91844
13849
84147
80401
50600
26248
55508
55359
76932
19526
59363
14258
15567
4141
47505
20491
92226
345
93850
24185
80147
18224
23108
67834
71980
11360
52028
18612
28797
38812
28492
19124
30453
97404
48448
93062
90210
28994
70198
80268
78249
49513
38735
816
33805
52211
34489
78118
20345
47943
33308
82065
68171
59859
60641
22884
82462
39209
16626
11115
86533
22282
38811
57213
18712
43169
77331
73451
5203
9461
66124
82922
47125
72217
50962
61437
17560
50830
44607
65081
43662
96115
93057
77839
3398
91268
54525
56264
60080
70252
82852
38476
40491
46142
20892
62287
77834
65259
52585
48341
38000
50621
20559
6924
82133
27169
5161
88039
99117
12068
27879
24212
99270
47104
34168
74677
13914
40645
22340
18167
20991
91250
52648
10199
9673
99048
11044
47542
39626
25876
23293
71590
77380
78154
1725
25265
51590
75256
61830
96903
58577
58478
43751
96117
9400
19971
26828
91832
23112
50833
75431
28745
73126
10234
33053
6607
52820
38642
34061
57123
6307
16844
21413
31553
94183
51681
95051
48731
60142
2377
27475
44690
61488
78242
52217
21420
25399
15585
52418
38220
18412
21948
184
93766
88632
49805
63092
305
41930
18820
4927
9090
78290
47891
56920
94098
19237
62916
57207
64050
46106
47494
57681
74041
55589
46687
15104
52209
1879
22737
16146
38100
84246
16337
32353
6505
51496
38495
60707
73834
39623
62598
79469
74550
90000
66216
20518
58870
52301
32569
240
97663
78831
59606
41533
58266
2216
47421
16406
96563
71519
9960
73960
74726
3473
1066
20596
68042
75441
68104
28342
53693
92569
80467
93506
61115
91599
12700
73921
58315
40184
33579
93517
30916
79660
11710
27023
14085
31601
33162
68719
14456
10452
43080
54438
16167
94081
18357
73071
43025
45674
77531
44846
98454
12869
12468
53911
80312
13899
10608
87573
59903
62051
14270
98646
27925
68496
99076
40332
45935
93575
36396
63109
5399
28487
369
49261
69262
12991
21589
64501
18006
56124
88016
42787
42522
47045
6045
63053
4720
94148
25866
11534
14133
88952
17235
13691
71344
71138
81016
67047
85570
45844
8453
30617
89421
89147
46823
93670
64319
6
73131
63935
87436
5820
90998
23412
36180
83127
96842
50569
60154
10987
53220
88559
20666
87624
56256
93113
61312
76495
91043
7466
54667
51136
8373
59706
81904
82994
19153
69432
44221
2324
64488
19054
94017
38546
36023
61522
37342
72940
6807
88601
99320
56723
75037
93039
12796
38930
45641
1696
54862
22212
23137
83300
84340
18084
6801
69822
32605
95858
20394
65364
80438
6858
10334
25008
39654
35619
35294
52582
85364
70062
365
97578
95533
88369
19936
83961
16942
72620
82844
28212
38336
13292
30320
38999
67152
66954
15006
21657
81793
84952
32594
72510
19092
67886
17474
36027
28256
16532
65690
52789
58864
46495
4292
82849
44137
72808
2080
62192
62218
38239
46072
16221
85929
21565
70832
8936
45394
98411
81912
1432
34597
54937
48779
15609
96776
94426
91060
81198
45022
72718
63629
69132
23689
72180
2648
45243
94506
41946
4895
94271
74891
51962
70249
18147
80151
10551
16052
59283
30851
74725
31824
76420
64107
91493
20104
66955
18073
53545
22471
85647
82422
18843
18635
82889
61776
6595
39066
60976
33506
43997
13502
20762
85493
29869
44348
97060
53904
52263
33147
99341
93192
31307
43536
14584
24279
47765
37887
41077
4589
85991
73390
64685
13277
38328
46440
56051
4661
38004
78163
68401
6534
95168
59046
27630
38391
89954
20410
56780
69396
89948
50564
25619
56733
76178
54004
63104
55885
90344
43363
92762
87310
61588
73246
34716
96986
5551
35020
20279
48635
5058
98201
16246
62437
83308
28130
24381
82197
54603
37181
56544
15310
54555
37025
44955
24861
77450
22829
51195
81765
69125
20196
59796
95390
4761
28947
35613
94008
60919
30662
5359
90851
55918
78981
11819
55882
20915
82687
81827
15111
88216
50496
99375
19561
66288
96844
41207
23390
53325
20669
83171
25375
65963
86131
68569
28730
50744
9214
37405
69872
96336
3237
74164
27795
82723
79614
1657
85134
69478
7322
36685
78439
43795
35865
86376
32425
36769
55813
1531
66836
53139
20504
70438
93348
89747
65750
97087
72968
99377
14390
46000
29573
47184
93426
59538
39874
22810
23458
36004
95748
57838
4127
95055
63410
2245
86531
59545
24470
70852
76641
96680
49232
85333
25014
42645
75701
3593
88058
44345
44636
28607
52216
83857
53520
33990
57963
13386
98738
77663
81975
88402
13160
70562
37988
77790
66078
93889
48510
89599
15531
79000
71924
34785
69055
21275
55822
23930
72754
28408
92951
20808
24841
50208
19072
35202
7286
57402
24267
89342
92563
28438
3437
8942
57002
78962
50340
83293
11128
77635
60904
46098
75105
88725
93094
91166
47513
2636
59330
3468
50416
78143
438
53471
34796
95497
47666
46696
13800
87501
69364
83480
11309
10692
40891
69604
54068
55402
10612
45366
73902
24219
27535
6680
83750
82886
37880
45339
57396
43577
70510
31583
49902
64304
69634
79421
58427
61717
31354
77935
54392
47945
97194
78246
40150
97903
54768
57453
57653
97020
36701
34750
84090
65812
84191
55985
21551
24433
24664
47439
30012
33171
20228
50751
75572
99433
56112
96303
89077
62343
41850
26398
58965
64415
26183
31257
47590
69327
79868
85762
1422
88344
16325
20611
31263
62956
71475
83305
16056
70140
38302
2055
22902
9285
51607
67255
94241
65531
81720
97004
55716
44263
30509
20900
32915
90923
50574
64913
30383
69533
97390
51175
65893
25093
38765
74207
29769
19747
75860
61382
986
22156
26515
37400
12530
57189
33994
17202
21830
80398
8818
70783
2930
46857
63207
80016
3539
70392
24089
5898
33220
48996
39520
8391
8957
67811
3858
68943
62653
30532
66516
66667
75247
63860
81245
37493
49552
2008
49036
47984
40388
74910
45579
70063
45772
6469
59897
58737
55881
18633
43020
97657
15769
37131
15821
51683
92438
38311
29181
68336
5937
28911
96379
11683
97102
87569
62312
37876
54614
91520
6916
29431
43555
89884
89231
28188
39856
57211
46957
85799
2995
70475
6682
93694
86811
10466
70907
22401
82664
18657
62365
9113
46310
39788
25911
7484
36282
48769
5930
29647
9928
98642
44767
16150
64502
9010
18563
83807
74985
12202
77837
13407
31167
97771
31877
21479
63210
44107
22028
60528
60254
7742
82152
26821
66330
2880
67950
56831
21680
85724
3221
93129
5214
61053
68947
39807
52982
41679
17697
3731
50007
70465
13083
2749
63786
12941
31520
27405
1331
70624
41721
49184
54262
80842
25
69232
33536
6051
54953
50799
29464
42564
27105
92285
98607
8355
14335
60947
88708
73673
35148
74496
69423
918
31363
94646
81828
28815
81910
34424
44877
64471
32422
23422
90515
91307
32888
98693
95240
36513
3787
77610
79190
39147
51843
15901
31093
98633
55814
62114
37906
15690
12819
99086
86765
15507
33118
82468
57284
46684
63604
92368
79736
44408
98598
41998
31320
43382
29914
52
34787
35639
1514
64099
66525
74674
41143
60030
60795
61252
61278
47480
14810
4800
55159
79161
65063
24753
57275
86795
20059
10544
53488
52920
41963
84630
38314
43655
11304
2408
61593
31841
38231
75278
4712
613
39241
75612
47678
26964
97710
87941
15236
65524
22002
46464
56389
50281
94409
94029
56252
98355
13009
41124
83012
84006
78244
35979
79917
39269
90461
88060
57490
42719
95931
91535
63807
48342
82847
77537
71060
13395
72201
15429
44860
31600
40337
40229
26
31745
9329
34197
14518
47249
74831
16603
41347
63635
77244
8600
92482
92416
34540
61220
19597
33203
75341
54787
14708
87947
52025
32588
11491
53212
91787
15268
57569
39434
18032
92993
77422
45659
87303
70762
32936
88844
33816
26424
32969
88308
7647
37678
24080
64967
44973
68374
17114
99201
76859
19046
73253
54235
67199
32712
15595
12755
84875
83374
39839
96726
46382
83112
26491
33949
86226
6838
10226
88567
95206
9886
88450
91103
15124
1155
49372
10406
60656
12757
19857
78836
87332
16203
7939
57884
38456
45086
70587
65534
28743
31471
95618
85784
46524
43031
35899
32334
93630
42061
21047
62616
72446
24286
87709
98749
92601
54499
16644
97738
32927
20795
73231
13539
77763
26875
60610
66002
59426
58432
51471
95557
94214
52554
56793
49156
8683
34764
24077
5439
19420
26051
52615
61542
2319
55859
94546
18721
63218
88900
67156
88057
46409
6219
10113
14539
81597
47253
97875
67172
79407
77599
77502
72840
92811
92628
46588
85208
56821
63799
92228
43103
72032
49074
25944
59145
5807
13578
45573
45064
4681
79018
37439
77187
17440
90753
85076
7892
31184
42421
51288
11721
879
72455
54206
22817
86844
97645
52598
97513
94974
19079
39196
90104
10874
7222
61790
59102
71900
5423
4551
92149
68616
93577
20278
30653
97046
47281
73429
12418
79318
97216
89881
19227
69639
52824
29532
37522
32786
91623
70415
54044
94062
10514
3163
93998
40381
62018
69727
24236
18989
52164
64741
74773
4091
574
97709
46413
58484
17065
12555
77609
96569
28409
11158
93119
89315
19150
47469
91911
55959
74142
97350
97537
25553
42365
94724
45392
26624
24203
9166
70915
97551
94245
15621
20317
48466
85352
49830
46030
46150
78212
52128
57376
67805
33971
43712
43775
22903
33008
57609
25471
61516
31762
26455
36149
73904
6371
24966
1591
17415
88020
51751
97442
14932
12585
16266
30374
44459
51191
87990
10429
37047
90838
35828
75863
50544
68599
85944
24756
70428
84985
77956
47600
57299
46548
80503
99088
3481
53796
39046
8350
23236
72576
40484
3057
22295
81197
6611
80845
4083
53858
50541
19861
86369
2463
97724
7303
83473
29424
7857
12832
51748
53341
15682
8250
48244
50407
78414
45857
86821
36401
64173
22667
61171
91510
13986
82535
11771
90318
84890
60351
60581
93764
47189
40668
51955
11682
72155
5803
89150
23189
57779
83009
21242
80457
51497
95610
57697
16760
4470
93890
87371
7095
37878
43362
67436
31565
57749
88141
75065
26929
64193
93860
27960
10887
74906
29053
82195
33688
29746
7903
11026
55858
25019
25831
31970
25856
385
89682
31647
81201
68974
22755
91436
98586
94765
61334
82050
19089
30895
74611
22941
23109
94314
71663
71251
50805
90130
51651
68700
43954
28430
65949
79412
61920
11817
45145
70299
7040
73179
61759
67461
93870
57282
28551
20555
95200
32438
86493
6651
9301
17584
7141
75543
4561
35075
87656
801
59381
82131
29512
53367
66672
76977
94671
73173
64843
32759
67496
54945
88454
89571
51783
98651
98889
25559
32646
21717
75689
88723
21333
42561
63859
26660
37339
91048
19810
91218
13759
29393
78426
50500
96019
49014
91655
29578
81969
55510
99297
77627
90740
30183
85224
44926
75425
39042
44205
78375
75717
69494
99194
34463
41088
32294
66001
94444
34953
6026
59449
82561
24962
71362
26136
18454
59014
25007
77870
15813
80994
42944
63696
14278
90841
97075
1194
14263
6736
65777
1448
45238
4439
50013
22804
14990
8408
74882
54554
35889
17776
1238
12567
2067
40948
92337
68638
66555
63307
65420
65874
66171
72313
69612
24971
44490
85009
31045
85556
96329
46738
16324
77776
67065
61434
35452
94417
24867
41561
27126
50072
90574
74975
56408
91499
65793
48126
28839
40535
95179
98046
91332
10281
46638
54736
31613
61127
17273
91651
49052
74844
71766
6903
61161
68880
49314
97937
44798
93281
83232
46760
53756
34902
25312
27776
54133
13918
94056
55223
65643
91617
11224
7794
71614
3311
33096
92715
33917
6937
13687
57902
11457
39060
71191
28175
43462
16417
41680
4084
11156
64010
20495
4953
84657
37141
38442
60819
27725
75300
73203
81616
30658
61998
65320
90555
27637
8813
35494
15492
58042
11655
89631
79769
61901
932
14416
72087
42287
83631
85344
9399
71945
92942
98845
10982
23969
71831
31818
62792
3573
25051
698
46948
61736
63686
34156
46955
79666
3786
76205
55257
91637
46435
99173
25599
22078
36632
88231
93031
83956
31878
39261
3885
16943
3582
95853
83990
85020
57289
32772
79430
44455
23870
81602
94929
84791
47221
92953
32019
24000
61170
38104
23276
66433
39386
70989
75326
34329
21145
49173
66957
99007
5013
22771
6785
41137
74871
30581
88413
39604
37646
49512
68205
88094
75149
63558
1319
90412
73013
62918
88004
81095
49231
53931
42489
9687
47747
56151
73999
81444
26911
96644
3239
40426
23861
61131
41169
26947
88763
24759
86760
81921
9636
94034
19755
41699
44177
61773
2314
31331
29525
13860
34369
61229
33410
66086
56288
63724
84011
38696
68563
39497
46347
23648
53860
28352
35438
89324
22403
55931
57567
19342
99393
96583
45172
52102
60633
51135
73730
50097
54922
64042
85458
28027
99300
23620
26154
69075
75799
96546
38217
83862
11844
22669
97024
48916
82311
53898
10024
70955
71467
32872
62674
70045
65579
42272
36797
88922
66754
5166
51741
30377
52928
87493
18070
44400
48752
85298
32246
16188
166
27661
23645
5124
24362
75157
89428
97852
78610
93715
5048
65848
93668
62465
96556
69690
19862
42858
84480
15610
28710
87334
83453
5562
56452
57700
51431
6991
36497
73369
29117
55810
53706
98202
49209
73911
94460
21397
57911
21752
66119
37645
35256
5757
6663
91815
55525
91221
98109
21486
606
48647
12037
3246
32016
41104
67635
14208
32017
97633
71451
58210
89211
56774
13926
47534
55249
42757
72272
40857
37024
66186
1773
21141
66
81943
81932
93108
33089
12677
62752
276
3258
71473
30306
7140
85038
29392
51029
74144
45466
88329
22272
8358
70994
84626
49947
87145
65494
83412
46551
36469
50178
79595
33581
75460
28028
85685
52050
1984
53753
45352
64352
72758
30991
64807
30847
88842
69133
92173
36910
80991
65515
86190
96491
30502
22475
28349
73225
83099
39119
82084
4275
82321
6301
59299
27228
9616
46229
10256
84117
67120
65779
30299
47261
80688
12931
4351
20235
4147
10478
56365
61142
3630
67816
18906
3994
90356
91278
87251
23660
33009
65702
32021
7952
50304
61767
43524
85676
12954
83635
31859
74558
13906
25170
71248
35882
53838
42514
67323
34720
97109
16513
85587
71452
69928
27316
55252
61350
95828
82493
4530
55594
7172
39297
13856
69453
71666
80319
79290
85954
62148
74720
60598
17976
62473
90223
35527
97138
6168
14344
60789
4660
52967
3179
78631
31775
75177
82368
67182
39526
48838
94319
35324
75706
18299
64273
60252
96866
58443
50981
67626
68600
10795
56905
62458
12787
44302
57064
58780
33909
78953
33796
86155
69351
38178
67338
33987
5132
44672
71853
14719
85619
93633
83780
92946
16668
29842
8325
58751
63469
56390
24862
30811
53376
61122
46556
7691
42799
24060
13662
91360
17910
1173
5062
62246
13977
98172
47163
85832
86660
75273
47391
24859
38047
34703
89373
52472
59705
76997
64961
81212
45192
89100
96447
4352
93812
79552
88877
59208
8969
42872
66905
18943
58564
73044
59690
76668
11421
31349
75387
36988
71142
32675
34335
75569
88229
13799
7676
2987
92985
12172
17980
12571
42631
36155
21255
81965
20558
41869
90482
65930
15106
12280
68955
83967
36254
59853
47204
54125
27190
86301
58242
32024
26760
20434
75877
9866
95392
94948
16832
37313
15249
33655
58264
21710
34456
87030
89763
21422
19842
21187
96436
55026
9114
43771
72178
14041
4970
14363
32855
77794
6115
11691
21478
29809
40829
59740
78165
15094
63163
40170
81269
26373
14609
95193
54484
98580
64303
200
65070
70406
47892
54949
14104
9160
88180
45958
5552
11178
91818
7378
30889
57405
76008
96326
15364
7788
90679
46668
88925
70478
65406
50240
2480
36412
36558
87813
96208
5521
11230
28083
93800
12082
86517
22175
41380
55768
93322
26043
93263
90355
68141
35018
52904
87817
82484
9093
53675
62457
93673
88474
76771
8642
50217
2440
60697
1537
21885
34093
79510
5598
6740
95550
11417
68345
78473
56932
53882
59339
66719
61589
27298
44648
7926
90107
80557
11035
47648
92590
9232
70702
30246
95327
80640
79011
79032
17299
37789
52783
56109
51932
47014
87915
19300
48074
90102
52398
2326
11575
90246
58722
67618
9516
8371
13448
63679
11526
50095
28207
4017
8728
82181
77560
75197
37020
46998
76262
63029
31730
52052
7891
93109
80542
67733
3590
97038
80923
79574
89637
7115
31233
51646
47541
63971
73341
75716
36247
75623
90291
8721
52718
14778
39535
61374
38817
79034
67216
23361
57198
94806
55464
54331
44103
72705
25319
17055
43876
8402
15178
84142
22390
64973
90955
5115
12481
63522
24115
26568
35318
2513
91036
58391
36946
19832
82702
17715
11186
14013
76029
96250
12332
7782
23101
2509
33728
61747
32178
76819
91566
13897
38867
3682
76683
69180
49172
81219
54700
58497
48222
81546
36574
1738
6381
55200
20118
18899
52082
88846
29136
44469
54243
92515
48994
44472
43429
86822
17971
46052
77356
56375
40209
79086
14707
64787
32938
70558
33666
56218
26229
27431
1301
21773
98723
38939
61923
90606
94
22452
87410
12759
80061
91101
71522
55981
31549
49126
143
96725
64638
96941
75513
90582
11547
16649
99431
57222
78455
15726
88337
99404
6159
31860
46895
23162
98397
5696
809
77126
44424
17699
71583
72777
32817
24012
84453
94276
46319
1966
24619
27311
38474
57762
17081
28384
64711
26883
38815
1638
41081
47445
80613
36891
21473
5647
34025
74825
43122
88918
32533
44839
95205
59066
89786
33811
10094
44394
31689
92526
13883
91457
53876
10228
55651
75537
99252
80806
63910
96913
91003
48427
96134
41937
36209
35197
65284
80645
31950
92261
61990
66055
24760
24524
11988
67085
92175
14678
63249
20095
52147
59382
37726
91064
66773
44987
64324
68965
9823
3382
82258
95987
1824
47155
8586
77492
50467
81882
5017
11948
1506
60491
21191
61651
34115
5893
94977
15717
40343
53702
46934
56444
22514
4426
68952
4514
19397
510
27354
8987
78486
86088
95344
31759
78942
32470
37574
55720
68024
33025
36996
10885
9005
74682
46880
58760
47806
39215
56578
27877
10631
27057
37422
73521
84735
99168
88653
6586
78335
55922
73490
36973
44900
8223
13444
38974
7773
33002
55408
84937
4973
93544
57046
61417
24761
10879
10943
28291
51287
45518
76442
57578
9897
60564
36683
48213
96946
86067
53408
14898
97753
68557
83955
17662
32846
52333
90641
76591
3981
98974
26514
12116
38595
64144
35008
79894
27017
55451
88641
84765
8389
71884
86642
84398
31088
20879
42385
66415
94512
353
75934
43305
96468
50191
38640
79603
45829
64121
21136
83669
30668
66000
98087
38575
26268
59643
28614
57802
27501
58766
18131
17063
6522
76186
51623
82091
17068
77298
51907
48231
59444
10759
6216
41043
82305
17122
32405
84073
82521
22874
35827
21940
83902
69424
36775
97609
70509
50533
19077
77806
10610
35165
34821
89902
46836
72622
39574
89534
89021
21094
87964
40568
11361
99210
8976
37155
82130
96553
35084
51620
58244
66807
11621
11681
27447
5154
94168
24250
41386
95445
78771
67441
73753
96963
33551
88385
48089
8681
3864
96629
75819
26522
47288
20321
81204
908
77227
42468
59179
10856
34286
48925
90317
13855
88962
78633
91570
32106
37977
85277
76126
31541
37264
14945
95011
82726
61384
27913
44696
57808
85883
64597
64356
50731
2192
52864
36668
36824
35850
59564
76746
43203
20043
10269
19481
1839
54252
79881
77324
36627
10940
36147
20328
69266
21068
52382
40390
79700
37884
15032
96053
17237
66466
85951
86454
85084
33527
71549
60642
22891
27579
24887
89550
32006
89317
33223
97105
22726
14370
25812
66539
26295
13667
83165
51461
16980
10619
81416
96267
93724
25967
48888
10454
54249
29275
75641
71778
47529
71750
34939
36280
85837
58906
84708
51434
78032
63195
35967
60732
67009
50614
74749
35330
73928
6984
93535
97391
61325
88639
20383
53958
64549
57936
29650
68735
76677
73027
31476
75972
51258
17530
43867
20668
79749
87017
49206
28596
6478
70848
20295
9193
40153
69297
72204
11823
78016
88332
6733
17604
33608
44081
74035
87161
93551
93641
63136
3990
70931
6794
49632
47483
59700
13355
53101
70108
76426
5186
90861
12638
1126
53535
84464
457
94188
51155
2495
32926
57327
18846
86236
68552
86785
59708
12572
72953
29112
92355
8932
84919
29366
14627
50586
41120
22019
11944
61330
25080
41606
94178
11391
67743
58206
3164
7538
95562
65644
75036
4040
65046
34617
3646
46947
56165
9571
3335
76646
72883
83475
11645
70096
94595
21188
29460
39246
51263
13178
48185
95346
73498
34474
5456
18661
24474
98090
45380
29629
56240
15132
23737
12303
11023
28211
23906
58046
29196
52470
96441
55862
88380
29549
55890
83350
16465
40597
17280
90985
25567
54895
18942
48935
33644
53581
6592
75881
53613
86717
42863
42448
31484
43553
47379
43310
42198
90782
1538
14362
55468
9615
29440
17986
41985
53168
75709
81171
47671
26999
55069
30609
9558
33346
64515
5419
98283
44642
77257
65251
2965
21711
53939
81040
2607
82940
95140
89288
84589
42495
13541
76338
46359
32679
56697
81945
8482
72456
14751
88530
18097
86891
75700
1687
57608
57379
29066
38528
88021
85681
88821
97192
16322
77230
18610
59304
17518
59827
30913
82173
51512
67586
54613
36189
69812
76615
43337
35119
45699
63506
41019
95361
70440
33140
43972
71184
38635
23975
21017
33363
61526
98451
63618
45927
61558
5857
5787
16574
20757
36778
87848
75923
80054
84031
92776
19380
1822
8925
42315
50849
22599
39589
85318
87549
12233
32304
46024
40821
71026
69597
10404
75991
58976
32152
77228
94994
39000
49939
50868
31074
47167
90354
81211
54763
63179
63575
97205
71625
58920
53454
59665
80580
26745
61054
47132
8296
94541
1843
81907
43386
12820
89461
16570
66845
61988
69368
33507
60060
72030
18298
97158
79526
62871
99030
30961
9893
5099
55514
77129
10583
24746
68711
49377
63171
72902
27927
29386
63987
95824
9012
96306
11536
3279
79455
50025
37929
20560
61572
94084
69442
90706
41664
94099
93612
17523
86355
79958
41206
931
96033
23287
76949
45377
48189
57487
91890
7791
66133
17962
32342
5747
61248
35128
84033
77160
18788
88400
65743
29596
23373
72541
29918
63126
72552
72098
20780
34829
30965
26203
37696
94810
78941
16565
45781
15855
9170
1398
70754
10964
92451
24827
63283
26914
44707
95128
46820
36612
41749
98726
20986
16262
77952
52761
98269
99276
23802
59420
43047
10453
43720
97057
9838
43515
8827
66585
21777
6107
32311
89722
38658
30641
73217
80293
65678
96897
55246
93741
31004
81351
89735
26908
67996
86499
5164
92750
9194
80254
49561
25975
51150
17746
39657
13001
23278
63254
4476
32628
47690
68151
55305
20832
57867
63719
33158
15766
91126
22939
98298
5541
47323
58641
85088
63756
54006
56913
435
58997
57639
3753
7082
32807
58588
8561
95708
51157
12434
58095
66297
29906
83965
48781
43441
16847
20359
48521
19058
90040
6018
19987
90909
85706
1098
10676
7809
60559
78266
39102
45650
32471
79470
70595
61648
72148
5554
25084
82935
47974
92913
7293
67200
5535
96921
83558
17111
26143
27794
57188
90188
71485
46737
35273
72112
79761
16496
12505
11705
43234
24020
67529
33474
83033
97731
80419
47112
72207
31199
44213
41198
91415
21577
73243
45015
76392
54054
24451
65736
88671
13291
9732
55806
37088
57313
27541
43366
5944
45988
50583
48249
70283
56470
73373
38276
50644
87619
26389
84936
61608
84353
65570
95690
80693
32140
11129
36086
91758
27437
68615
33153
70503
61017
97178
42771
54361
39572
9080
78897
32678
7345
62851
49671
66320
15446
63147
43198
37943
19844
209
31071
45408
45891
21665
35454
78231
66808
54562
38393
12140
97437
75049
53674
63426
31378
25281
94581
67638
17617
8869
41140
27884
8641
34004
7700
76162
56921
54291
80710
53791
24159
94352
64468
87678
80909
97965
59109
93962
2221
24340
33705
96332
81018
36634
67202
42309
11504
76829
31851
10629
57285
32624
18973
78507
54881
53664
66098
55211
14928
8411
74680
24053
36659
17484
84440
93255
7362
22449
82752
27411
63363
64587
19838
85774
13462
31638
59932
62305
45801
2360
37872
63817
32
69743
11486
7632
28066
65150
38816
7596
60410
13864
77232
6429
80648
5664
6836
77248
23948
36987
63380
88211
57055
44624
15903
26352
91492
80662
72625
75926
10952
90914
54855
75112
41315
27763
43938
89913
88616
25468
53049
376
10227
45800
21223
33114
56262
44945
72914
36420
83103
46798
70893
73392
89028
81316
7046
3142
52639
73934
14301
65764
76202
30871
89232
52056
2232
52769
95037
67976
1993
15170
39638
59270
62776
28150
52231
16888
58601
14222
46487
22261
64401
10722
98150
41117
77210
64068
25176
50787
36737
85581
77181
34990
44251
62928
38410
67101
36726
41831
71790
73805
74521
935
34680
18326
53966
43129
98597
50963
42941
57738
94817
49023
97278
579
20388
43249
90882
7325
65767
17622
30333
46105
49719
16018
55941
1281
97438
54638
80094
28460
63729
79093
34769
2490
10951
63113
71935
9648
66669
62470
99391
67696
47202
12573
69173
77718
97525
38887
67010
42766
73475
25347
33854
3044
924
34630
52495
67524
45000
37440
26130
82965
98296
96968
34212
50073
62953
26073
70814
56283
31246
66758
41196
26375
21861
81381
62086
32185
93669
39263
23253
33250
83816
93834
50273
34308
17858
44525
84783
78693
43154
59441
40128
45585
81028
46140
23080
46536
981
8421
67903
82226
94954
86881
1948
47825
85116
84584
55462
99017
78039
20107
5085
42150
62512
51321
61459
44428
45924
61063
23496
38154
98104
77453
34304
79471
60744
45116
10217
35133
32889
24092
14313
36872
49403
24361
41865
96697
20307
29792
49465
54217
71259
39210
80657
39299
2552
10764
33382
93566
69673
60050
55429
62435
99280
25186
83820
83043
64458
69127
12999
82384
52356
18402
38342
1442
12703
72742
68917
58846
1373
28718
83373
81644
53746
85845
39854
88338
62860
36840
92122
66115
58310
61462
53951
36166
100
1115
18971
58957
12918
29786
63165
92179
8351
22465
32601
77220
34881
29834
51840
5426
75753
13540
74587
3773
89542
11292
80202
34437
84905
51424
3259
61855
63044
94488
62796
60791
17411
29441
28271
74245
71630
63576
71319
92753
32189
80526
22554
83489
44029
59237
69596
49085
33628
45552
15511
26454
74437
99435
80715
46831
28290
80611
62557
90402
16358
42070
31691
10419
69299
999
61346
80161
14802
6121
76571
24946
13654
62143
20490
62385
35942
4769
75484
61568
87083
28948
24479
2589
81908
47728
18650
44983
78543
34131
84913
24453
2421
10121
97242
84945
20913
509
53908
3955
18484
35029
12236
64496
87980
20076
24975
45768
67726
76203
71793
28031
89064
67584
40474
10615
29533
20733
79671
70352
71710
1316
60127
22734
12061
2539
55193
80063
58863
19022
31573
21718
32951
25527
448
79893
67687
65621
94294
97842
77264
71969
58149
81681
41805
73495
86622
48250
79193
97803
46999
14136
85562
30751
58406
4320
60678
8508
64159
86648
17524
22655
68137
78124
29534
73619
76422
48990
72490
12557
78005
27055
96775
45333
82946
44960
93642
82010
94870
19502
48568
10547
36256
99185
87159
36503
65156
38843
37944
39695
79683
15725
34403
58495
46193
3644
204
91645
43110
26198
67469
43677
55857
52497
87393
47111
71107
19722
60923
74237
40521
48393
51030
26094
75671
3569
60367
23215
27471
45539
87583
97850
6629
78483
76172
45796
77594
22749
40694
2423
36139
79135
15241
91796
67858
4380
63530
80347
60458
85016
71725
43314
16214
96342
82904
60617
83296
80852
64791
62324
83422
87671
38761
3915
47213
46449
13182
32914
97190
51495
35583
19334
59632
79937
39603
49900
70053
19398
14836
45827
77009
18944
96467
1865
28098
32066
9241
66902
95724
2544
13617
62436
67097
71776
43117
24420
93202
64427
54566
72205
38698
95132
28520
10236
79916
78828
39705
50620
13308
19532
2854
17717
10565
92100
3192
44537
23687
50227
35866
47409
8553
36295
11878
23813
37195
35448
47503
10969
66690
6626
88061
11423
42594
26001
22890
81398
59380
49803
6610
63731
89049
34293
19699
97487
24014
82753
15090
5721
70652
6306
50908
38807
71424
79581
9895
85148
40807
46037
15614
42762
49765
46883
41499
85627
50700
43251
36945
36005
6433
26134
26150
56704
19359
60471
10156
53077
56373
83351
1759
45795
60018
74265
47947
22838
59829
79180
61444
42286
20173
91947
30473
73757
95644
41367
43175
91512
90844
55531
53892
2354
23138
72982
50927
54097
39468
75809
91687
98833
87977
49615
62391
49337
4865
70791
72126
99221
23481
82629
94932
61180
2659
16820
6727
20995
85473
66299
96421
27651
86317
6584
31026
3744
83159
40463
23014
62840
70874
74076
73910
31083
90650
97100
46412
97539
67387
90609
47073
34409
8779
2470
51298
64088
76293
96036
95522
76667
72328
84126
84695
85081
10729
54119
66733
67001
84960
51261
86383
57023
59856
50115
75568
81186
83876
24032
23032
18960
82003
97791
92068
55811
25568
73523
57671
7491
95266
76896
93319
14853
28527
52154
83756
45163
75457
91005
93576
2597
61324
24771
3711
15192
73553
30891
28636
45354
69197
1625
60340
15335
74133
22026
40374
69964
58854
63998
20709
76124
81966
85382
71765
79264
94140
32824
12844
47920
17555
40348
39084
70124
8273
47570
79468
89070
70594
25724
29097
59191
54411
83809
37676
54207
91430
18508
64538
7876
6556
55453
19188
9737
60590
22803
40027
73614
52693
53285
9502
49759
67641
58387
80798
38260
11869
14287
32845
65614
96100
9729
52933
790
29751
15353
32744
11802
51632
74527
54481
14946
65315
79348
71366
33039
84775
61823
25429
23381
50948
83236
85856
3518
83060
45893
34202
64934
17057
14746
3355
21415
72088
78517
58398
21113
75156
7086
67748
20236
2413
9721
2627
99382
47374
29285
59379
35265
34744
80343
93382
18530
70222
2338
44390
58662
54863
84602
48767
83758
58823
47585
3222
92461
85397
66143
41653
3168
50812
17644
13465
56888
9091
60279
8233
56857
79689
36288
17531
320
42877
9463
66024
7646
55395
96091
9717
39069
86959
62066
9495
76211
23275
34218
20608
42366
40236
11907
21618
92188
58820
96190
48037
64493
78434
60082
54634
36399
91949
54542
48157
18240
57871
91053
2252
89657
32362
92476
37657
75913
96383
27601
81658
91952
54987
80762
58014
50633
6532
10375
77932
48983
73477
44450
92255
51765
87637
92577
67459
34737
46077
84931
82153
57387
79337
88028
20822
86128
28017
35360
40311
29957
14398
40475
15782
48540
7441
14542
52309
29062
25148
80972
10911
56974
77221
32038
48854
61335
15191
11459
43560
29628
48594
56129
73121
57614
57214
52366
78122
15213
90386
15182
58368
14034
46101
19365
95426
90327
8419
21812
71157
15992
5382
19158
85180
99128
43449
97377
87816
57374
44208
78889
5008
93744
30500
27863
61996
68283
25681
43893
67342
30813
24974
87373
86955
45607
77764
81869
2500
14172
10659
77030
51085
52569
97641
55250
97331
38709
42829
91515
54757
92117
2586
68040
45082
83578
73516
29342
83871
15535
85331
35832
97898
22366
77376
90845
11108
16557
92514
16676
76787
4319
86728
18718
84841
749
12478
93300
61504
9849
17706
31728
72054
12041
60474
22432
76365
95639
31524
19034
65261
68963
65480
66400
62477
67942
34324
12304
12988
93779
91327
69780
74608
53388
63169
21878
4674
46331
3817
21614
21758
11962
64454
24220
77255
27119
53333
97429
96343
52892
735
28760
66801
48673
9429
27301
82439
85368
89280
68768
89929
98339
20367
24732
72048
1240
69920
44415
99360
46376
12430
59658
21372
49897
54678
88373
59476
39445
98333
41469
73053
27364
60705
47978
65705
83708
84007
30842
70278
59901
39274
38021
52208
73513
38273
78921
13263
34416
89393
81873
43464
33173
29663
19967
84870
95371
30962
30750
75594
86758
60194
29057
87379
79584
99385
25843
11127
58061
75672
1749
97311
10431
6146
76956
52502
46569
84701
13983
15070
76636
20943
2272
35539
62566
36415
37769
55178
21918
65147
15529
41576
52228
10717
81246
9475
9394
75693
18176
85520
55994
4207
19933
98023
81697
57441
2365
37235
20195
99357
52089
69875
40619
21955
76701
53763
56301
82408
78264
67497
1883
80612
36689
51975
92622
73539
5071
53730
94838
2419
74933
19618
43850
36240
59253
32381
50821
84387
75226
532
21193
24136
39566
57070
56770
20503
15351
59445
59158
20674
83706
23634
60735
74705
51916
618
26647
25828
90927
3079
25431
28737
93803
98850
46166
48323
10714
79886
65966
20188
87913
25649
42534
19268
50490
12866
61523
36321
35808
246
8547
9691
81633
38889
35383
64550
45316
87735
72571
16254
95764
44939
67331
57983
45446
93239
30749
63384
25532
74167
35427
16510
62951
5870
7928
17734
14343
57975
16761
73522
1091
82167
23790
31569
83729
25706
75773
44123
82356
72296
70354
36916
93561
57623
86580
77856
35880
54313
98215
97793
74951
88001
83187
83905
44950
2879
68067
7851
84446
93171
69464
55655
13493
65612
43130
83688
42523
44937
3931
35565
18649
75951
54724
16892
68485
4728
6417
17612
72133
24916
92186
69552
26798
29566
52721
91366
48496
72516
40113
26407
93964
46298
59887
44863
21309
48765
22528
77079
643
36592
537
94167
39986
67037
94161
34098
90863
92860
10869
18594
22155
82147
7119
39524
1789
78884
90117
9401
66879
45943
77813
85900
13739
34984
40066
49287
96122
58128
5469
98636
29221
70987
22796
93912
39111
64245
45887
82822
49213
51080
96356
95010
22237
29180
80225
67611
70506
51779
81839
7482
67386
23413
98140
93680
32435
14979
70970
96452
69947
41474
42850
40489
19951
34441
49704
54662
14971
67195
8856
74691
15649
59629
32295
78366
55689
6710
42527
34429
4458
27924
89737
80337
28685
1823
91624
56209
85062
94975
21806
37010
24475
89809
74696
31311
89727
98602
91097
73201
92775
126
69975
66011
72558
94556
95906
16403
29826
4733
53959
71308
2655
11890
61727
36914
86263
24640
7296
23546
79274
89078
22234
75849
87963
6518
93637
74134
10679
11078
79411
24852
57660
83702
34205
22131
69235
84457
14156
17450
84046
36788
75276
33058
80331
90277
87177
92078
25959
35298
95042
78182
36060
90662
85588
92387
26636
74768
83104
4015
10302
20705
49943
69477
98793
24929
16585
10075
9151
16329
80203
91186
35471
15698
40287
90417
6063
51777
52476
31746
23714
88687
8923
87511
91358
78403
33029
28232
36774
99325
11750
15752
20855
79724
17571
18010
62615
10492
88663
23475
84485
76244
43854
66818
79384
73814
12878
49310
9690
67117
30235
30554
88579
68849
47762
60749
28321
64323
20828
60376
6908
74390
62882
16814
32961
72039
22254
59331
20183
38733
93196
48229
68825
86286
90983
79061
1703
77165
82358
11910
70667
31817
67698
30819
18476
30954
62137
50944
85924
30736
81901
31849
35787
20445
92513
46059
30690
8935
7789
46633
71644
54036
15219
61097
7334
89233
99239
20081
33387
18722
87064
92806
59265
86381
54618
79324
93297
94448
71170
91549
89481
7958
8974
41468
38790
53020
55119
94914
52574
70583
72935
44569
45813
59672
76942
29677
79990
48280
83177
58449
23803
77373
34388
12453
25289
79151
46782
77745
35628
29336
18717
15375
78785
7723
66313
46518
20667
95884
18389
48390
7890
4877
34268
470
42938
73459
81763
23514
51007
37299
73018
16936
32146
43136
11632
6560
92560
71557
65925
46448
9079
9446
8278
20523
47805
76756
83911
15387
79345
95494
90230
5751
1271
46531
52493
88115
21259
2647
44598
16120
29429
81288
45347
85509
21915
20077
56312
95067
2697
45198
58695
98541
90138
95567
12384
19037
39522
8604
75467
26953
67860
42097
93013
23585
18841
5660
4887
38908
5991
34622
61757
63485
10008
9100
74579
32968
12034
4356
84338
85405
46281
10655
17674
56200
31390
58185
37520
60379
13945
54226
46553
36838
90336
73548
8022
40230
76915
32979
14530
24440
77608
98764
5222
86331
15451
34851
10898
30480
34774
8677
4713
60144
67597
90915
397
15470
32210
78587
76200
90557
41819
3211
25679
55423
82454
35556
1056
85017
31906
59645
33175
14483
64755
14916
90675
95336
71183
77999
81004
97470
49032
56552
29146
37765
56607
3702
9579
72229
91392
41825
82552
9191
89265
71297
81488
44871
64726
28996
39372
17783
13581
16619
75228
2188
39790
93167
64980
70505
71807
98565
13226
51526
21056
92471
13102
51506
6134
41896
90307
63538
61310
92773
50531
50506
55503
59133
83724
19999
65461
89184
24639
23606
43271
8595
97349
3286
79128
41420
32887
4082
20567
13334
25152
46211
38506
61792
89927
51460
52646
56163
67227
48223
70056
55086
61929
7741
76713
34778
71449
96338
66906
77890
11297
4288
48564
40765
45214
87591
62122
88543
31252
84702
93956
12188
32368
72763
79656
58283
68726
40533
53040
37987
16934
81857
18212
86343
45320
40274
56665
22076
66305
98711
82980
36597
15168
10039
10726
46197
34283
19203
77998
64870
68333
5702
46144
76256
89798
35995
45892
94737
84299
72262
79585
68056
80992
25587
89740
84954
51053
78321
63901
41854
53492
10536
51044
11679
64816
84769
66708
52544
70649
22681
66600
3195
31057
51369
85074
46234
54248
7545
30347
86965
7236
33405
89676
52313
75114
23150
79416
48125
3933
70296
97406
92679
14500
54777
33260
17861
55775
10106
21659
25551
66732
77555
51125
45683
12015
75134
16846
32378
61228
50772
42679
66568
61613
54404
86886
50764
71224
32075
34582
90389
88193
45464
59439
5909
5409
66412
65117
56950
22083
40338
12069
73907
31351
74006
46987
59090
57541
64062
39744
87492
21557
13709
87263
76094
89658
93212
88017
76728
5385
56104
67354
19531
15083
53375
86745
55584
61746
2523
84301
5256
48804
67676
36669
19955
70469
86749
23705
63268
72701
84763
24216
29631
64301
51509
62259
42926
90658
77618
36152
43687
92270
24872
51383
95924
82526
74764
47447
54155
22302
2678
98048
6922
20483
64241
37966
84001
25411
93110
29935
52757
2712
74384
48841
22493
91590
43621
16168
29528
72880
21967
95149
22849
9294
4402
595
26736
8760
22801
59344
54957
10172
85711
75296
1681
92006
32267
37909
23967
44625
80019
62495
7304
79822
92844
48757
34248
11001
79120
17898
14150
24545
95713
83105
84373
56296
6789
1344
85708
65468
91116
20054
55261
19720
59336
58420
41502
752
3139
77982
75250
34596
26193
54828
5024
77774
73132
11552
55443
82100
2003
64813
47980
76018
38786
61795
42415
86683
53668
13847
418
15388
64634
20405
30841
16930
72659
64312
71985
46938
82432
56677
56645
88481
36091
84637
7668
36806
34215
90180
97195
29598
64722
30327
70028
69447
65268
34746
76903
24210
17335
46929
5151
93595
22828
63322
35253
38826
86294
91280
62578
23526
95969
77894
59337
41688
22467
67563
66794
29634
62683
34361
23374
3639
70224
65387
67222
65220
23092
15808
51874
28874
66444
28389
98981
13091
21018
88453
61210
68933
1210
30495
13547
49780
93701
86946
82704
57457
40789
7326
16038
64157
78013
911
56169
97430
11227
67691
29450
33577
30875
15854
86984
11573
21399
32723
69123
6362
9939
55629
77156
22633
69914
57877
64145
87096
81303
83945
7604
93947
39367
53993
8090
74872
73952
8633
70059
24935
28847
36264
93627
95893
79439
94904
27529
10941
14783
80229
18826
59073
26252
95005
37781
1333
1317
98653
72092
55499
30560
25178
12108
88919
65822
58284
11836
46203
2775
66304
27566
40778
97308
13738
20127
64117
60268
25622
70533
88059
14324
98717
38265
23261
64210
93084
73248
59996
28362
79050
60137
50866
2857
55954
12268
34251
63782
47084
55752
6888
71797
18127
86835
31726
74668
22666
89176
95716
72335
99041
44384
11717
39596
80257
17227
92293
52819
56372
47616
8455
82715
88511
40175
42646
89323
59639
7269
38605
48913
36271
46056
94950
96373
5961
72187
67686
31752
12267
38604
93181
65223
12822
25278
89465
26725
72415
42805
58706
65013
88967
54058
70015
71567
83164
12747
27788
27718
56967
74353
22973
82312
88098
71168
76095
67380
66224
91481
56082
62502
26137
75879
71496
57092
13675
93020
2993
53734
49478
75047
22857
43904
46248
76845
9003
24675
19691
93056
3484
95707
34259
24624
67033
90012
92761
56893
78713
13546
10127
35497
97235
10394
18189
43849
60157
89641
13671
57544
40812
69177
69772
89329
13789
23120
92793
15468
24144
21801
81457
92002
52036
58011
61755
65001
84408
20694
56143
36033
26721
93410
36162
63250
78651
54322
32078
9883
52545
25782
42933
63570
15452
45744
57970
58459
14562
46965
21111
95273
90811
44046
30420
55674
85604
13409
24642
15628
67971
12203
7920
6950
37247
23132
13594
41899
25652
31598
8527
36207
87085
95405
59402
87055
64571
43125
18355
62474
18028
3008
34804
22264
43091
58132
77224
83984
59241
63386
37006
52698
25955
59039
87559
56815
48929
67430
83155
591
46308
77581
51183
90593
23724
91378
377
22142
87873
63803
15632
33097
85216
90823
68160
39764
22729
70100
39314
167
68420
14075
40340
5709
86482
10154
22150
74698
27472
51475
2984
30498
25808
21721
58314
55792
59614
48373
43705
32094
18516
12610
24029
13795
48984
76846
69069
69576
75125
41194
2394
52547
20488
71785
86068
58818
20429
26698
66872
18566
39097
50161
36380
16582
35138
1835
55344
63500
5020
83915
90201
20134
66065
7929
56834
66677
1953
27285
82038
82662
86528
21798
40920
71490
47964
79012
38818
41382
15346
8496
22347
89381
51596
20735
58606
83633
51554
83860
19189
93757
15149
80334
61207
82584
4855
64257
20139
46609
77912
49392
87565
3047
36789
60255
10185
1916
24011
75990
96515
52560
26201
32406
52979
46429
30692
61040
7355
13719
10873
90289
69544
51230
627
85153
16791
91306
71041
94374
74839
54154
89821
40125
75336
74817
88357
90400
22244
4884
11712
61667
19247
15082
52940
42121
37717
60261
4461
75776
31580
60176
5425
88649
76434
13029
34969
4240
56307
788
81194
67609
38257
19565
36687
75514
49907
32576
83487
46677
89820
19277
67649
9318
16480
69340
75207
83728
71194
56568
46878
99184
94137
94776
35523
73288
81898
28855
74488
94401
34190
88865
99290
81402
9860
73645
93022
6414
75771
56903
20579
4374
32608
95079
14435
85353
81249
27268
98655
17405
20058
91960
70239
11138
85176
52413
29493
87361
19100
56651
36577
68677
40035
41017
1621
52075
34122
70357
47545
77382
23911
56700
77967
73394
86144
39460
62993
13225
78313
31050
77478
36375
56092
57489
47229
55057
22503
44005
4574
31754
69607
26897
16123
56152
60108
74649
97900
38759
81298
44627
35362
71135
54085
2989
19078
60883
28577
86232
62290
7873
45159
16165
4532
25929
1425
33385
82425
65215
65121
13088
66301
48958
76976
44437
95703
86172
83964
3021
83144
23736
12064
82242
63567
50826
8326
6902
67757
31255
79198
49831
56884
29544
18034
7199
77407
53896
58251
47203
94663
11204
88881
77845
62139
40117
37026
43880
59970
66848
12692
55014
76474
27326
10504
21910
42635
4090
14742
37428
28387
53371
84877
25335
53568
83592
68511
6399
9169
23247
39762
23242
35306
72466
28838
14405
30128
13114
90005
30672
39008
97783
25995
28370
6761
69283
11546
91842
51656
40435
33024
67081
33305
78849
38875
80951
91559
23755
53258
64243
18305
68262
74949
7050
22252
4452
91247
93647
41543
52768
21904
18228
83076
49371
92115
90241
46318
59403
34877
94189
44010
56998
94760
97193
63877
68105
31536
74438
29284
65372
30571
13838
89591
90267
96618
15865
15386
36453
62836
85361
7895
16376
51817
59496
58615
6819
60389
95565
33642
11987
72981
84105
13047
3771
64955
6537
39679
21774
48987
7954
33845
32280
15135
56135
67553
78690
93439
13183
12363
72746
19730
84057
81006
8729
49567
64108
20156
62172
4025
25739
25612
74708
30181
60901
43333
36251
34360
6108
18344
80103
94792
78274
67302
91974
65775
42729
27434
40142
20337
36515
91851
79146
36890
64724
60861
60090
83745
7407
15701
33037
82808
70810
39888
40573
91093
24015
77143
65811
4638
79075
38357
73091
46502
25390
90397
18864
38035
85842
86483
28586
89558
39717
13175
6286
35925
26297
40406
73915
93138
43350
20710
76512
67796
13117
58182
97661
32359
56250
55140
50960
33742
26319
44513
51516
6685
11288
80511
18471
81046
88062
74591
93484
93970
77289
47775
37969
14082
59124
46630
83394
80459
35798
47970
33272
21907
14027
74367
49741
52459
36822
97773
31914
21338
53336
61873
48201
20111
12969
36950
14691
20530
98249
10907
81902
16471
60971
18685
3910
96386
49598
74864
7480
29355
64900
5871
45041
73334
4745
84236
41059
8417
74977
84829
16473
17307
72546
76276
61238
49177
73030
24588
18695
88222
31614
35503
46249
37382
84005
83783
94537
36680
14822
24785
96659
36820
49523
25175
94362
15554
13436
30911
70741
30174
35869
61409
89495
71542
42755
71241
1299
22998
42562
92711
28072
48301
58878
61391
87183
77525
56222
23864
95058
89642
81725
23292
33832
2537
31229
58511
43735
67954
25166
15072
76945
85327
96015
47099
20070
87653
38717
94075
2760
31781
94198
81413
26904
32275
72100
35676
11714
830
31891
77446
57018
30314
32788
99178
85491
40624
19261
62706
8038
3153
12545
59190
84312
72072
59662
53574
98888
65020
55360
75345
52659
37891
48172
98037
90239
92212
34363
16491
67671
27039
71667
93960
367
51374
57137
43907
26241
65140
55280
42881
34961
92272
45873
67235
10816
42788
68905
18621
36799
87060
55657
41356
64191
10422
95635
39824
67303
52840
66790
17228
76546
89918
63691
60048
76079
7753
97664
77858
63920
19887
15914
55560
41201
97303
49365
41610
39567
94797
57625
23842
26610
59626
86663
17809
3342
552
62869
43221
55165
4318
47090
12375
43332
11484
73238
55947
22992
18160
84555
31178
32008
91330
46688
25189
55187
27536
44401
76476
94485
91569
92625
70155
35778
40488
42739
25760
86521
9629
91301
85040
36224
5539
7715
18865
72575
48590
59333
732
90668
6162
43776
46242
68641
77770
22048
80860
53830
86871
15927
64694
63237
82466
14904
35424
86034
31899
31814
51997
78496
47688
54369
51508
85908
84900
73102
63259
61700
10575
44079
59518
29436
75357
17187
41511
75133
69278
16707
10347
33734
53770
30886
29503
56938
75073
23289
57918
64005
17358
20869
87179
99105
45400
70115
78762
90021
51219
10270
32482
50716
80022
20280
46756
7610
81397
36854
83613
83195
98132
53941
77703
49053
51871
23866
58783
5680
92997
29473
13275
87623
20587
48
70790
61405
79989
39303
88166
9702
71436
65585
18760
76686
86958
58925
67267
68360
5954
2681
91736
59078
41370
89856
77024
14206
86166
5517
5422
49071
83219
57939
10920
8120
93048
89563
8591
56702
18322
93585
42671
10076
93762
78750
64770
27691
69736
49503
39001
74362
64370
22601
8301
69620
85199
25185
79770
93330
54038
27391
75970
46709
47341
88219
70687
47427
81735
64081
44291
83461
30160
91544
58661
64399
12600
79440
61599
45956
2776
15496
10625
48527
77651
38730
65980
36456
87434
26506
1280
44230
13458
80162
31265
13420
14891
35247
52192
76509
81825
8020
14124
85399
6899
80950
66475
12553
98619
36472
74892
78248
33852
61023
23953
93230
39161
81559
25262
53705
94236
97453
47798
45982
51376
90169
18782
81069
84645
68554
26408
29206
15618
37721
76048
85413
27343
31226
87684
71202
53592
6601
12380
19655
27084
59503
46046
6768
38688
35442
13777
62819
33723
62924
47174
36329
19554
95747
36308
1030
81136
87617
58018
92023
66551
67742
87596
35949
48574
61046
11058
58590
89517
13072
41305
22853
89456
29224
98098
98440
29562
98576
41434
8264
7650
32506
35212
24596
65488
44482
82682
74449
63652
47418
54198
40755
3513
23772
72874
69974
80782
76742
83735
5297
64834
8266
80986
61493
63589
72064
92258
3874
23376
66730
39901
7314
37826
54336
81951
49541
35962
26663
22393
79580
25409
73564
44586
77605
82073
65576
49299
93342
7260
20177
75244
81844
26544
68944
76484
17121
67135
7475
74465
80663
65926
5353
5504
33239
70882
95403
83927
98107
97790
26889
9793
89057
58547
53531
76914
73693
61166
8526
63338
54538
35336
3914
86397
14650
55472
14246
60043
76224
44385
33951
31876
57421
89334
93203
11056
47966
32729
23977
13495
23491
85723
21196
57649
15730
94068
97186
51227
99322
53617
52587
18144
234
97266
27570
72608
84346
71247
77194
7361
15474
15562
51858
83111
13353
64781
17529
23140
31669
62905
6169
45897
14175
30510
90266
96969
17086
27984
82475
45368
59696
18535
9049
85185
29261
24493
52127
75940
68618
14829
71103
63958
93047
1421
43146
62471
72051
20175
79582
8757
17769
97362
34449
40720
65207
47043
16647
70705
13765
45749
33055
80308
94037
58853
93837
72478
89015
73205
18288
53960
48687
24057
45229
26324
48150
88640
2138
28050
8809
90380
68678
93555
83233
311
84219
9421
36433
75711
14019
52304
71610
36579
90689
98540
23644
14755
4086
43076
40413
13657
96956
68583
7963
85131
68916
58487
15183
53296
24244
54681
66524
19423
20606
71235
93660
60289
87826
19988
50936
75811
28429
47051
50623
7576
34533
11153
90819
69079
84012
85113
41783
78775
9945
53518
54039
65015
7327
67975
58831
70385
32219
13599
98263
26359
10033
89295
95700
27786
90809
77665
62210
78935
88614
69062
84684
10107
85345
78869
2907
9981
46126
68196
25016
72962
65791
89215
6137
55688
65413
47584
62969
68894
6453
17671
66012
39425
27980
88220
90529
16866
96798
34305
78263
40846
37840
10027
3173
64662
22067
2000
96146
64049
85515
96188
53608
58057
86133
94286
12648
66172
82830
91586
58988
93458
33176
30165
44966
92551
94561
3959
60436
21813
86607
69912
93372
92384
72493
61333
609
70423
50790
90933
20144
93699
47041
9271
18987
66378
94687
22269
87932
12714
74500
88857
25253
53571
24293
13600
3560
20152
48221
46723
65706
46163
31156
34535
60557
91962
62678
35571
94717
1606
41940
14239
25459
52076
6043
6377
41139
34036
6443
67399
89636
32583
72736
40636
3583
30515
68399
43693
93917
98067
58800
40572
98703
52952
20020
57714
15218
98618
83435
62874
14211
29204
81702
68472
39829
37109
66289
92655
38221
48120
56654
25034
14629
87555
23104
96893
22444
15709
48334
91504
80708
62476
10527
64420
94386
24878
41740
6951
99332
71373
66698
81674
38863
7101
18498
51311
77880
85089
70528
24073
77944
53564
17191
48497
75180
83031
40656
16923
83761
38258
41030
88352
21670
4925
15590
60396
96072
94035
92111
28404
26236
92599
68865
31245
66578
67181
17494
38061
47046
78728
10801
74878
44994
36438
1574
46768
57212
18572
60576
78672
75459
38689
66085
49566
80124
85611
36873
31698
49882
80085
50707
98137
25268
5412
27575
69809
98848
60231
47763
8406
85142
29582
46939
29777
66937
63623
60263
14581
88191
26178
2433
39677
45765
85484
75399
90142
71287
39605
45201
53058
78794
91877
28156
64535
98128
90779
13729
56429
20765
97528
47613
56789
35506
25257
91672
21759
2874
18678
15623
13520
50263
65994
72040
91469
8500
29983
87768
12377
74501
10162
87897
56026
25410
28265
92932
67744
8791
77926
64871
16592
41359
96948
66198
38977
82600
80766
12589
99103
92431
17260
97263
40703
61863
46695
43672
64130
2165
89402
5586
95588
71317
92594
94578
75858
50888
27373
70501
98432
15659
33738
58640
74822
95028
10921
36274
36802
11895
5686
21993
32248
24467
52099
1036
43707
89857
40701
54142
39777
41464
53482
39750
70153
42578
72656
97343
45812
30707
25942
43963
13285
35314
97878
58739
52981
79906
80969
98357
14182
26471
35921
28558
54299
53578
70855
55311
18736
46206
12633
38823
71514
59916
10305
60063
52531
74523
2922
57761
88488
85188
58840
91262
29659
32537
17687
9881
46302
92271
1769
45047
88312
45915
63332
51914
84839
64383
64040
26383
73406
4403
1260
90029
65955
93189
87924
95365
99199
5727
42413
48674
75655
37182
66663
70176
44466
75139
35977
93649
22031
33587
38133
16881
17488
28526
50951
91579
22837
72350
45660
78190
68150
27553
75987
36290
2754
76685
5796
10132
82021
75100
88302
66626
10100
94353
1535
61442
7271
68018
72226
33469
93327
8675
59689
88041
54345
47153
89135
45527
53463
6303
98987
52029
29607
21477
28093
40986
18742
91944
63763
70129
64417
59814
15439
96212
18089
77885
22207
52905
23709
50259
68842
8744
69148
42009
42613
30874
91026
52825
28426
45386
73330
21013
36026
64386
83650
72730
46018
36565
5310
88374
13555
42142
65807
82121
14361
2693
74513
74712
70158
1181
86917
2447
97560
49385
89165
86137
51377
34345
66588
52049
35697
2644
82907
54271
41728
89859
34802
15735
94173
32525
92816
27331
47089
65414
98940
52402
47223
77633
57833
36717
51621
95057
25674
14111
94476
89991
48008
14102
14170
71108
31741
70737
2715
55100
87871
31488
48690
55313
37375
51439
84325
66498
30203
13946
57179
20940
65723
52252
31116
98963
50355
17327
70695
37368
50423
47507
90492
30416
10561
91055
53873
24364
44100
34478
34516
48252
18665
40718
12189
57706
1543
35580
75634
32245
16030
53736
92151
35612
66942
47234
11738
60878
43860
72985
48648
32814
99419
9557
12117
73953
40582
60177
90467
96219
68049
3141
55108
14192
80581
37027
78286
54239
88089
33591
27969
67651
69825
32048
96347
97408
69893
29555
67905
96031
14540
27206
12406
48508
61186
19625
99043
87071
26759
58680
92945
53698
72928
42180
42110
27195
91538
60446
61640
80014
49281
55837
34831
77265
31343
1498
21349
31771
43568
25191
80858
28299
50884
30877
82725
72781
77282
44610
55407
96653
80448
26307
17657
31352
9776
82396
38518
60623
16255
97290
47659
6700
35535
57914
6928
85156
47460
10499
31092
6506
74660
68229
35407
66748
9958
57861
40341
19293
76725
77676
2583
23452
75232
57586
31839
87614
61976
45500
45037
74791
14067
53314
76280
21344
93362
15314
93384
19785
6753
80136
43788
15633
7341
37176
73437
41313
87248
65485
13962
74718
2780
76058
79961
78812
59888
23284
46286
33824
27915
87970
6293
96540
84612
36084
3674
74085
99314
54796
12507
36977
29200
52535
85503
67690
13839
85059
31506
20783
73519
33479
19339
32330
35236
70604
89530
80785
29620
31031
60885
50316
41823
7812
55983
74902
93370
96130
6309
41156
82423
46722
91652
2591
98364
49711
96678
47919
79419
30674
34281
27544
68371
89251
92314
62204
77349
5119
40562
74299
53553
30833
10602
3611
88930
11885
87225
71829
32169
53738
42708
46990
74953
75825
43219
8687
69100
32517
63744
72450
82262
66947
14583
71163
60907
45476
98720
35255
38232
29319
94552
9467
79608
52162
11845
25109
44632
86411
67006
75821
27524
14640
32674
40686
2162
81071
76268
72652
4482
62514
18106
75855
40816
85373
20109
43992
32313
9493
23810
19624
96710
73156
40642
69863
97480
45789
6848
4013
70427
28419
72181
51787
21126
89662
3285
31581
33329
6933
64115
19609
53829
23980
82820
31909
65696
50539
91980
85876
57362
2148
12973
74862
79997
76431
38879
49761
75662
9768
38666
48976
48526
9811
38422
92910
25026
92433
4995
52202
42749
77695
55054
1495
29773
21681
34338
98795
60773
2980
96945
50287
65210
15615
79860
12243
8949
34349
53577
76446
7687
95376
75508
56053
20193
32035
40984
14086
80678
72646
54698
62067
65573
56339
49867
50112
16957
43243
98438
60879
87014
26878
79819
52862
8930
11897
15882
48277
79572
23518
97154
32789
29841
36786
18908
91156
36131
25339
14507
75069
73436
14417
48587
95605
87952
98641
9852
44709
54197
26845
8807
25415
26212
8469
58788
13172
29458
27681
37123
73133
53903
48534
33261
65903
73058
36140
95247
38601
8229
53692
42211
88845
24460
15214
25857
39455
53050
25286
57141
74381
71489
58862
50903
18303
73245
77699
7376
90759
80987
19067
8366
67901
88286
79970
74483
85300
78018
87556
64477
33501
74235
57478
94041
94070
25106
71528
92733
90951
91673
15085
70111
78368
35649
23881
66511
57568
68212
1329
59715
38303
84892
64053
56746
46523
23923
10464
28455
66517
29388
74391
90287
55977
34206
63637
5411
29234
35192
82686
26538
1668
83907
89640
45390
24384
45617
3229
92934
3014
21085
67347
98240
36476
96061
96839
20661
9638
72818
7529
32698
45057
82199
35928
14069
73576
53634
39988
39656
47539
73768
49823
74771
9670
6732
39491
75458
92242
99315
78292
4670
84081
86071
18174
1120
34357
87246
6719
38925
47159
73462
32909
71086
59809
17004
35715
58233
48243
394
27083
52471
90213
94636
52299
5055
10329
30372
3500
97674
27280
75222
82630
6543
6035
58707
48879
5190
81104
10630
26615
11006
51363
9914
55606
33586
70244
77646
38901
2910
93102
99170
17002
95584
91506
41027
52893
7030
18244
73641
60823
73301
61021
40479
15643
95621
33739
25572
24842
49688
24677
19183
12441
8282
96801
48148
66865
10000
77600
95191
84881
99132
20634
45104
68443
48118
96030
66159
30430
42478
90906
84893
5365
82212
79511
52286
69955
62877
87385
32562
4566
21179
50909
68184
64028
59860
8401
70993
47000
24061
30400
85251
43007
1970
30590
48200
92171
74193
11462
18462
88240
11028
15651
98186
6342
33026
20703
72590
34140
42024
95237
68515
76180
96804
63014
16808
60583
68019
82489
7094
86111
18905
39419
10516
22736
36968
46108
75018
50990
86773
79619
48196
92975
86697
97860
70634
45106
75948
19642
90353
55522
20683
19487
1436
22522
89564
15265
17483
64795
99190
95774
93389
39085
4843
42004
37805
30970
41605
71849
64618
34261
56532
44413
36766
14137
1927
3143
65613
23661
56557
49661
98439
60560
68897
27506
40347
2291
49217
86724
38051
17559
27655
87566
15434
40067
16698
91035
44828
89953
72184
86837
74393
86210
22388
30142
41141
98116
38399
34725
29862
47330
80674
15222
98617
60649
92303
5547
32496
42178
98909
67191
21462
88554
58822
69329
44997
60329
89817
6915
38030
70861
24527
98616
88702
24468
75040
55721
23509
67883
89441
84342
5672
90153
12148
84107
15924
19199
88769
85047
47205
31046
51097
22790
40683
71730
59074
94989
13213
78284
59823
22214
33499
42627
41595
24162
29907
86224
70591
79376
49044
97993
40096
8468
56801
41190
41733
87505
5730
4191
96950
23580
62809
42255
48194
98041
80271
60188
4643
96353
90657
28280
33227
77081
91264
73297
4391
67665
76121
64416
64899
97815
64824
54137
98311
96257
46542
25716
21849
21327
38619
4210
77909
63238
2638
15057
31266
33365
95026
66014
25773
65437
28770
30148
93707
91377
35317
41153
80447
65509
9382
21243
86312
32940
37347
13014
55029
1337
30248
46476
62281
76305
88998
72739
84134
77067
90200
66518
66648
33101
94155
77013
75681
89464
45330
88014
92981
47010
80193
35499
42750
26225
47192
47830
89758
29894
94519
42189
23328
11388
30867
71640
52509
36521
87336
5252
42462
87728
76471
94001
27106
30645
63404
57382
91874
81062
98084
94235
67501
51732
60544
41935
26528
97080
64926
75667
81257
58268
76549
64019
17208
51188
49864
10882
4528
41833
40052
10399
1983
76803
62361
45574
8221
31312
38831
35226
76061
23758
61672
98700
50953
14833
29697
12608
8822
13933
82643
63071
46890
33481
25671
61860
24345
61448
40596
75017
77310
98427
23203
93706
83886
7472
15926
26679
50904
19464
58936
63590
79457
73357
74335
51358
64111
66682
49067
4628
76266
41846
52323
17305
89879
52809
19185
56721
73637
64332
84216
42039
23226
83619
29377
68523
40516
43643
18801
25730
65160
9063
50662
78025
86982
71714
94529
22644
16200
1610
41905
49896
75096
95503
71147
28037
46567
44883
53725
67874
51385
94185
76412
24506
58216
50559
48410
40837
15599
10263
22483
7180
820
13910
59260
47800
70456
92772
65202
78344
38781
16430
10939
47633
36757
93225
90681
31973
37207
8410
94900
12775
15876
33091
82491
52712
17548
96113
90025
82939
72134
27028
60276
7978
54845
86464
91007
58205
56381
96486
33631
28537
55035
1578
4387
34743
66540
57985
33034
23814
31130
33406
70570
28956
8947
12219
32264
71113
33963
20189
64769
94133
24481
21064
77002
35728
59522
9067
41922
79882
86115
74700
77512
77649
21646
14191
39454
58548
4373
43570
37408
39095
90286
28627
73774
71600
11335
78369
28322
8840
9792
45384
13681
84435
88882
14840
66196
95489
86659
91713
69430
25006
21310
36434
39645
60889
59693
62684
21029
82360
86861
79999
95904
72210
97814
38152
92009
26441
20101
9634
21563
61537
23744
78825
37792
24165
7069
39902
92578
35445
57798
95821
79010
96477
16730
41056
96346
59613
39312
17245
11247
92552
29992
50100
68158
73972
93514
61204
42949
90270
6960
95746
29175
31657
7089
53386
21284
65390
71013
37511
90284
66364
23618
28366
73367
55786
1391
79282
327
22693
7075
47157
18275
23476
80200
81652
64094
4404
74088
37843
8106
13351
10043
96698
19790
6844
88517
24671
54173
16335
50456
793
22947
76920
16061
45938
39464
84292
80011
64865
86361
75420
95623
12467
48298
9196
87073
21363
8324
20400
95107
62904
53251
53235
62948
63255
46641
63599
28879
69506
57665
73733
69611
79642
75996
29251
51660
45816
19265
80534
60147
45645
92095
96712
69787
46078
20281
24315
56070
73546
80818
90244
6771
25095
39038
33198
72026
53065
66934
36493
49649
1560
61993
92639
78077
37164
84303
5498
53054
19272
6213
91786
84083
77185
54104
29871
27539
45999
59831
62014
3009
82675
53538
83890
59682
25550
51726
69250
64542
34204
88637
55463
72664
9441
46803
17875
78078
53856
17731
58431
47472
7555
83302
40795
40773
59691
19582
82999
86730
85559
23090
86304
31667
40693
21855
13358
48027
19271
8372
13714
49183
86790
31635
34993
81122
24927
22832
48152
27665
62116
63117
64051
29952
34077
87989
50372
79483
63435
84840
71658
58557
17424
31446
28279
64334
19792
37983
97855
73281
53403
42243
69109
89407
50979
16286
45725
56295
92392
26823
81240
86682
37603
42905
12292
10392
30236
14081
17533
18507
1582
18378
26149
97504
15787
44285
91938
2114
93598
82339
3119
88140
81128
80409
92369
21120
26637
25712
49238
22550
18544
27821
52994
29233
87857
89732
22045
73379
39206
6635
91552
21024
69383
45327
45760
97631
36167
53662
85010
2820
99149
28548
85768
78443
15047
72011
53718
23643
66508
15211
70434
50714
3881
44219
91694
80957
6015
15228
39519
32973
75447
88529
68699
35939
65681
97843
55718
51143
17010
13324
44726
67775
54991
22121
56600
92847
67098
57247
69377
24721
23858
70825
49211
32439
25517
59905
18750
78853
96261
22980
27716
17449
29294
16443
17132
52334
17396
39575
23773
90100
3012
58385
747
14670
41376
87021
64492
84816
20865
74169
15742
63023
5432
39115
68244
75678
40505
83333
73283
88804
33004
52412
56613
71238
55880
5489
82083
2872
48626
42260
91426
74402
64295
9220
18180
56767
50980
23366
8200
56225
63863
82053
38165
27044
19795
69137
70127
4846
17834
44543
306
46786
99187
57857
52330
92611
55839
35789
70794
74275
4101
21496
73391
49621
12198
44807
51373
55333
15584
46284
7663
83044
66168
64308
52115
83679
66208
5868
76326
7697
27592
37281
86003
48620
96092
29518
54315
18245
88421
45696
63423
20883
98871
60359
14007
88823
44654
33977
86024
77827
69195
3845
9168
30594
60636
60687
14614
22037
89528
35500
64238
75237
34736
77003
20689
91802
7191
45123
50068
76168
5183
81461
34085
81170
63257
69635
39415
44305
48773
15456
88351
43274
4375
88732
28622
48645
71749
19932
72005
29873
97372
3696
51555
50653
55105
33407
71851
86564
62606
44311
21689
32590
64510
16654
72860
43619
58888
20852
97213
10826
82307
87416
2786
89285
18222
24195
87116
94005
76743
5650
83367
25149
49726
33934
6729
18135
2978
8132
65934
9031
48068
86409
81426
54968
15463
12067
66926
53260
6423
79618
71359
19865
52365
80519
22033
39302
81057
46398
28317
22201
94804
93143
77823
43660
63585
49358
97554
56535
14725
78563
84051
48863
30269
84705
49605
49999
50080