48062
18149
16203
28785
51147
16099
46965
6464
34767
27667
40663
73471
74476
59399
41482
70955
36246
46279
20009
36819
26050
68665
43173
53517
53805
27286
3398
38916
61183
53297
16548
78281
47143
6663
48246
69929
24697
79246
49218
55391
20533
30085
14679
45113
36160
71609
61968
37694
26413
64926
52886
12378
59832
46587
10893
53983
44602
43889
11087
70753
50686
2955
53272
25842
48137
46896
49959
35475
32627
80989
49757
80821
49788
80371
20728
68469
20791
45599
73774
3509
52841
61733
49302
7484
57822
53858
39828
14958
37984
66386
31765
3311
19742
43012
64611
38979
59785
17047
29645
39018
80137
67858
44853
47508
37855
37271
7586
25500
33831
43756
31511
60647
71118
56176
34220
63686
40099
71885
46403
38378
37787
3090
23484
40257
54590
31183
26275
12052
74971
35740
44532
35288
16404
69159
14237
35883
28667
50303
16851
74500
8601
17977
66648
32955
16324
34485
55139
65838
39274
27927
72448
79497
65954
22923
19759
38581
31308
29314
15163
69858
81374
75816
76077
3853
58000
59449
71396
46997
24212
9079
14982
72310
24864
19086
55140
20459
23240
64882
42474
62235
60656
79352
43429
67179
43790
52380
43305
77150
52391
8023
32410
6682
18336
66668
42546
61975
10170
30538
18941
68382
2375
47202
68097
60372
2854
1796
69664
57093
69764
28283
5563
33243
44383
77850
69770
73866
37666
77383
42959
33938
7349
62457
60386
28620
11647
55746
7007
60532
72950
62416
33391
48575
20860
21033
7266
53512
53170
76926
73249
44585
47999
69398
35195
62339
45244
76279
38825
58695
77857
62321
65754
74005
14917
278
20455
61446
59729
39050
26374
77186
17179
32536
5710
67328
30744
45471
59276
53135
82412
49120
6651
6769
36992
60954
50205
66129
56616
57309
20751
57015
10278
15803
60273
25052
35733
41703
55162
81939
38989
70407
54004
6125
22750
45361
41938
54471
45224
51786
64250
69082
33008
4297
58034
13631
81502
67348
18492
42905
17416
14181
35339
8350
54682
25870
22961
52883
40590
65396
45827
32071
80749
9084
67995
32436
80607
36826
1419
23335
22156
65183
79927
67296
66010
47833
31107
63917
78026
59477
22564
66388
37168
69003
64912
59117
81519
38776
64546
43976
415
17145
7715
70705
48413
8598
20461
50457
11502
80691
60422
50023
76319
20786
3021
49059
21126
79533
36838
24848
22992
36146
9885
41710
41443
43679
7787
48243
24655
22132
81284
38382
23557
51405
59359
81311
54260
66057
1861
63363
79244
35183
10014
31807
63509
822
22190
71757
81034
82243
45741
18454
10581
60094
42127
10756
27009
36953
60277
52830
45726
40469
75315
28542
60307
1477
51443
8530
71732
31563
79732
43323
62708
35515
13292
57335
33732
40538
40032
79647
9526
25783
12757
41065
79301
49693
39337
6113
22667
20448
56978
62917
16543
29202
6409
10761
20376
5805
18725
31005
43493
67291
35506
37829
50794
29430
73274
30903
56164
60432
71182
32752
7676
39664
45456
9919
67508
1824
65597
4762
29903
40620
74196
2482
55070
37278
75340
33238
5921
72525
29099
26582
50321
56112
73300
3778
27022
61904
35484
64892
57884
13007
56727
49905
44490
34223
23957
42974
70980
51125
80261
12490
25682
12596
55116
53448
7062
29300
42035
20333
73910
8600
29957
75686
72056
38957
47187
27845
34908
75125
61187
82487
71064
6371
13971
49565
81640
44581
10462
19700
32224
37170
20532
37664
2919
64222
20789
75595
81909
15525
47877
10929
34227
40804
30261
18138
75893
51709
70532
63473
66712
47144
33512
65081
36603
22664
37973
48668
60469
729
59867
28211
9461
69752
8915
44919
19776
439
32881
53293
34611
33736
22962
14626
65737
82072
77500
43576
72991
69595
6607
32665
48528
56036
3026
47340
16868
2519
73422
71745
71297
1717
42358
338
60183
47025
29063
34941
73960
23234
34652
73825
72810
45360
16108
78225
10708
68731
75675
72018
13847
45898
79760
48996
7389
55720
61404
75612
47576
9255
53270
41134
7338
12346
11380
58534
28518
80196
25841
34926
25146
2005
49511
75578
65442
68649
25951
77382
10698
81400
40745
2076
14800
13797
40156
8236
73173
59092
8761
7016
23079
44738
33783
66918
34855
17120
66992
48177
17958
53115
37329
16351
30004
68629
70867
72856
722
60978
72268
36645
5449
60060
33808
58199
36979
73704
78674
26734
35692
31741
58888
50192
47917
79361
48300
8948
42038
69644
20743
34109
25085
56535
5386
29721
21578
57891
12170
20224
18177
17659
24561
39172
25759
77074
9745
61261
382
63119
64914
17153
68857
44542
42693
39786
4315
49699
38810
65507
65861
63754
79452
36801
55393
79654
54266
47744
78785
73969
2344
51
64518
79837
4334
56477
45153
76991
36615
39785
57790
6642
77591
69563
51661
23567
75999
15990
65679
58182
3380
34477
40681
1301
10423
50962
6079
20001
47029
74864
67573
71119
28344
34758
12428
17663
445
10008
48162
74837
33516
7286
35141
39557
34365
72693
25578
6989
10544
49776
76703
64457
32115
13692
8834
9920
25399
52388
24264
19721
2765
24891
27594
76565
34083
54521
17970
36799
57405
51879
22403
41700
51598
41887
32317
24213
75244
60158
6577
38844
11868
76604
75987
15209
33199
19177
19923
42136
79933
15363
16701
70707
70605
26786
46114
216
25886
34308
5477
48453
65243
56666
27814
75907
58635
9272
46960
43346
76677
81090
61419
47411
67687
74363
79753
25765
16845
73730
78355
51064
35774
49150
39834
78803
28701
67190
82551
17397
13140
1155
38721
30689
33022
54936
19150
28743
56891
50005
58677
37243
17238
63180
12454
45962
29967
34159
19452
13391
25519
70989
46408
10536
61624
13372
36071
72041
23981
61523
54785
27959
73908
12436
17593
53221
51339
1844
74869
16095
72246
78327
45406
72044
28408
71879
30629
68943
79470
61745
22011
57152
64404
3587
13323
6781
29960
10072
75479
66748
23384
52908
51884
24810
64695
60066
61228
64442
52114
50919
45803
54346
43779
35789
68102
4320
21009
60886
72474
794
69097
9145
31105
54331
38517
369
39719
14597
46502
53463
46400
44714
53256
20069
65689
68179
48181
30831
5590
58788
60086
34989
28730
70404
8951
15377
9435
46097
21640
39529
65657
25594
6594
61366
25465
37783
82713
72080
23076
19570
65264
58966
62699
37119
25442
53999
61204
9077
27577
25526
76007
74508
37995
24954
29338
880
38667
49714
39347
52993
36702
80834
64378
57460
26470
54499
73961
42590
366
23422
64970
24169
6929
18569
72110
37438
15225
54422
48090
53551
181
68370
4156
56313
34041
15046
33937
25647
44054
24549
44070
30927
26017
79535
47758
24079
5088
82271
32137
28001
8979
56767
60340
13954
56450
31077
74003
46027
52079
81120
66800
31483
18332
14558
57416
53828
28158
54345
8878
61957
80010
3832
81301
4875
67403
11108
66798
77646
47157
2601
61730
44578
777
31916
72732
68192
39216
19294
4770
12905
76520
37178
71327
28612
56241
78952
166
31793
45581
82712
58565
5619
82040
62000
37134
53102
49965
81075
74790
36128
8634
15623
62167
55530
39628
14913
13052
49213
71766
34394
15630
24447
45839
4407
71739
59310
63494
70964
80384
61544
70173
75008
47177
28177
35884
19536
6595
24005
42838
70927
42667
77340
51761
47654
42720
50700
34718
67496
25970
36502
3905
50891
61399
25176
60890
8110
16246
35592
74041
38630
15111
67921
72548
37775
66842
35136
28572
9486
31513
19883
11455
50021
71430
24178
61036
33703
45724
80764
52872
66864
51021
6680
3437
74817
45236
72019
17412
10989
24648
42213
23197
54476
5189
35084
548
74538
54540
65069
12402
41561
54363
39190
78377
23196
31347
46710
72460
26184
38105
69156
4363
79473
69037
39043
71373
6377
16637
33428
1102
67644
70323
46122
14129
27179
10284
36077
57265
40545
62380
81607
19292
40749
30791
29106
33910
2552
11578
3237
39355
73447
23336
42134
6518
58500
42225
61618
15187
61412
63245
81467
69872
73491
48674
1883
58156
37138
15802
82472
7771
20521
1006
42409
57271
36186
49958
40760
23409
52205
56047
2869
24034
53618
43719
44528
80920
62010
26685
12984
4380
79268
6561
13519
59030
74989
18147
67810
45925
64743
23705
51855
19645
81701
42192
58622
11624
61435
28230
53627
70861
44132
28107
71701
39638
3295
25137
57297
42408
20513
53604
32184
82347
77318
45504
4927
11468
20061
78424
10466
73946
61600
60281
57868
58153
80940
49950
42771
64534
12661
51691
82156
1466
8731
4441
78183
8930
79988
62139
41722
46558
18039
26913
28606
51555
47704
48475
9551
68436
74740
64582
27306
76024
40980
29983
23401
79714
79566
21180
61505
23671
40925
25335
6289
67860
46506
81849
27734
46926
39037
63145
78922
13849
55603
7953
60303
54385
58519
33510
13314
21935
6007
55982
78471
70094
66123
76743
65814
71036
35255
51608
77373
13687
69220
59527
41175
48427
76772
18829
40878
19602
72473
52321
35201
71811
1503
52597
76840
54458
54347
54795
18594
32100
39811
51834
31500
49050
13234
63538
81390
45159
52696
77214
3635
66369
78406
81287
30101
65594
59536
25140
80814
30556
40867
29584
41556
44607
66279
47929
19745
31665
24727
76790
81594
79671
11651
19711
55900
4461
58291
79635
68194
77513
10226
56383
34696
59153
42137
45230
70459
56960
80434
77581
64249
36929
8734
5341
48701
59212
42583
34196
60418
53230
9750
32211
59280
71079
52554
41388
39422
41731
12259
25601
39572
6150
76459
50452
19400
128
20081
4406
62915
22908
48607
58090
31139
33458
80981
66203
50875
58320
61237
63095
27894
53244
24556
28705
33828
57542
44413
66901
32414
81577
999
47238
73252
73744
4263
36856
73941
33863
54587
63849
301
10200
75089
74562
76516
71491
44258
75225
9194
62317
15987
31166
79121
52606
52283
13854
16457
36443
10594
49181
26511
4448
70530
36011
40759
73775
68486
19443
4894
14263
45101
75756
31736
75268
7407
26477
50247
54216
71913
30674
49945
35424
32028
16310
10405
27085
59149
43776
72697
66198
46684
23360
27870
10743
3411
18559
60849
75245
76667
59494
24596
63568
24416
72526
8539
11538
59192
50144
20386
2848
51842
52945
51364
39963
43817
47052
78366
68273
81792
45161
49552
74178
28435
26513
26428
65216
13362
59150
33665
50403
30823
80311
9685
40263
23817
21081
53292
78347
24626
71638
60858
14325
2816
67194
63376
16781
8619
37566
12687
18364
32578
74011
59736
11496
29317
25445
36877
1003
36841
42360
19979
9365
78519
66408
15104
63681
27713
4655
57386
69372
24542
43298
51306
18214
10336
18719
81500
58938
45395
25678
32637
49997
27216
46440
42560
16989
80179
44373
5163
6447
81228
32603
16094
27551
4271
63997
33958
51332
68135
55143
28410
22043
58891
38748
60877
40827
54370
45312
7885
6321
38730
34004
52638
36401
40042
59928
49298
56642
20835
62555
63807
82001
13716
82565
33430
57772
21807
39586
17235
77459
16379
3282
2438
1702
62261
64318
34635
39847
29180
4123
26822
24678
36534
38287
60784
17245
45763
66373
24191
27176
74191
804
55709
22553
2883
56011
57761
77498
40086
48110
62058
19733
21229
36601
63500
38638
20555
36228
31094
3504
49595
54870
38270
43499
10577
19342
6782
50002
18518
1562
9013
17149
3034
66805
49640
50481
32205
12758
57319
37895
74896
16191
81371
78769
40188
74966
47252
305
19455
81914
46078
59009
42540
34152
7716
9209
59930
14262
26868
30435
61101
42089
78310
22952
31498
1514
47041
24233
23109
45394
79871
25865
35307
53996
46837
62908
37531
73725
7367
21541
69425
34284
50030
78247
9087
12543
8572
23276
59003
40390
57074
52602
18854
51710
2640
4199
19593
2471
33147
41658
75180
21348
77127
22409
46176
46665
8561
54171
10944
72586
25744
24369
73108
20768
36409
62378
50843
50388
4422
28297
24996
12044
62776
52762
4801
49572
29116
7212
26584
81191
22462
27248
16232
51991
50723
66062
65308
962
81240
41135
11884
45249
3343
48504
64979
24116
46262
77041
51022
6701
77723
16174
24609
33890
18973
4274
65301
71458
70087
80719
6450
75583
43060
28278
19393
69577
70478
53732
19063
69290
73141
31541
71025
44330
27619
29802
79861
302
69176
12113
15639
62827
8142
37550
73874
21639
64168
78499
1787
68066
49022
50199
30645
56426
78135
7260
65430
31791
27496
59990
39808
45923
64960
44664
41627
57182
857
77371
80944
81123
2534
8968
64836
30753
25130
24131
67258
78497
18924
24214
23591
60205
4688
31661
34244
16302
47554
40931
52436
14540
27422
32883
69191
57580
13080
50351
2574
8328
30226
6735
20604
72190
79044
46008
57672
27909
82047
71509
56881
36533
19618
79338
53628
17722
6813
692
50113
34865
38343
68905
2053
21845
4025
76099
62720
75516
51251
40864
6853
48488
12487
26554
5440
45304
22401
25728
37948
15576
73210
21619
27417
28547
51485
26640
34802
8231
20629
33998
2685
60346
35617
25897
20574
12420
43914
37894
79100
47219
63126
42630
18967
68650
25805
34124
17303
50040
13833
15893
22021
21410
69360
72038
18294
80604
81837
4292
61068
31175
7702
71446
28127
12410
39081
40053
73486
65406
44728
23085
50766
43981
23652
12472
23830
47469
72813
45944
57429
15456
47278
80699
23940
40588
7864
16537
64487
61106
12992
21586
16406
74808
56591
30058
24375
79360
38076
62166
4584
23183
26195
65119
8342
55362
39975
58495
28434
54193
35612
75584
73768
78572
64619
7827
46360
34370
6284
21528
39531
46369
62911
69000
34489
62496
9960
10685
40887
37713
68215
79235
52897
28473
63257
82411
12960
59426
73585
77599
22471
5350
80268
62341
39819
69965
57709
59620
73264
16852
54791
21154
29086
19530
71857
26656
43771
37474
56547
53343
29680
15660
78103
7888
75506
35496
46188
60749
72064
44186
57834
47069
54042
50931
60940
8334
81194
62554
8097
8670
58078
73319
46254
49168
72173
54859
55307
51785
31840
66331
17284
40336
52650
24476
11740
5399
75667
68094
12049
76260
39110
79045
16835
14581
151
44130
77089
40713
18681
22565
6467
3530
74225
38440
10847
4391
31357
51554
32930
65674
76742
13984
10094
22641
1806
41926
66430
54957
79058
82690
10819
18582
54052
77025
27148
64969
72718
23045
19877
66380
70811
44812
11333
43361
31276
38467
56710
31122
59329
20035
926
36648
11049
32803
37176
56601
16930
13736
75986
15388
67957
46307
54665
72293
76300
51183
62467
11989
63589
69920
55365
60771
69236
66154
26493
35623
66795
79170
14177
68881
50821
31257
56201
7942
46405
16923
66724
78946
281
73100
28974
75877
75390
48699
34498
53567
36635
29348
50957
74336
19676
43786
56015
37194
28466
42514
37795
70852
75895
1591
44309
18056
16755
9160
50713
29014
13339
71547
35596
22235
36115
77303
75498
69342
54625
49504
1103
44188
69169
24673
11388
7803
16397
78602
42366
49318
27091
79376
8264
20442
72357
34948
46736
17001
67417
25098
19075
54517
54390
11257
74704
26855
72053
23323
5575
54281
72965
52753
64397
61257
10826
60901
41023
46572
11761
22019
79466
29390
380
74260
26161
69527
63952
75845
80300
49682
68600
21527
38357
22444
29511
65639
19865
80125
58134
28043
36743
54653
28921
18654
77584
67241
47910
32257
27138
49974
82546
44006
80908
9301
13738
10492
54162
77091
80124
28130
5600
59978
67142
23942
60976
12399
74184
54763
66693
16875
59451
19111
52623
7309
40266
30960
65356
66260
77115
60929
20344
1388
49029
60245
43589
32196
48066
50488
57016
44272
36131
808
27423
57313
72170
55873
42857
51520
15381
68347
17537
2030
57229
7487
75846
5909
69793
73379
23681
34214
80543
29904
14084
67871
42464
56611
70869
55423
80707
9370
71081
47090
73099
2696
3152
13074
56454
38494
63127
39417
31678
28201
60381
60668
20226
66316
63011
2319
66358
55713
26464
18497
20831
44996
46476
27720
36865
67676
6954
27142
38495
80408
50422
48116
30351
20343
70010
77415
4088
16792
53361
29279
61476
35196
15390
26344
9744
6392
3786
2324
53168
45122
3645
2158
56259
46352
48467
47588
30944
17315
31024
79741
80937
34707
60616
29853
22600
43486
44721
7949
28148
10981
34243
48
14497
6787
20186
45073
65072
63407
44036
49261
82541
53274
34203
73412
81600
3715
9099
58135
5508
16945
34827
18762
8198
11457
11504
1771
15908
37584
64804
55197
13296
13592
49205
9258
70637
77759
976
40606
66120
10114
40185
54490
32919
22670
15682
61614
33948
75014
3294
63461
48840
49182
6925
79756
16833
38793
77784
63244
9337
63203
2499
10192
67224
79745
44269
61907
69924
69469
1422
20059
73332
55261
27657
29677
62626
81978
8366
30154
28448
30657
10493
7473
25198
50978
40184
39051
50226
6571
15610
38831
47533
5551
29770
75924
48191
69499
36282
64940
55104
12206
38071
28255
69560
7764
3858
79537
6677
11301
52350
14921
70729
53809
42739
73087
73537
19420
41524
15825
37051
26730
40362
5061
53344
70311
52539
80353
13939
13357
56618
48150
37757
55401
73207
25008
25403
80905
48290
59822
26006
66290
82289
56860
51000
72271
15544
69271
4990
17577
68414
76688
20355
18547
64630
67853
56511
78972
32092
73436
33487
42977
15598
77983
41234
3634
27169
80452
21063
69542
59458
16779
68416
57683
4504
53929
53258
57030
66431
72314
24192
51650
11136
60254
42489
53131
53208
21422
43961
56449
78923
55039
80878
25057
3362
4162
42932
26828
57968
62714
71849
77572
71692
21365
53934
35818
34392
10575
75076
75052
19422
35912
33864
36542
4196
54322
28493
77883
52907
6052
23390
28554
19300
80709
19953
19640
51552
74577
48014
21683
79260
57294
11715
30549
31827
34739
22609
51522
48293
34914
1700
62473
32121
57667
55891
24651
1868
44921
10766
42340
79952
48125
18827
70352
43215
39220
59305
54461
8199
28006
843
64452
18357
60695
59950
26560
42121
58953
20637
74913
55164
62181
71130
41811
17482
10798
18620
13965
72477
12274
40962
57764
66269
56422
61596
33098
72494
78109
37671
34348
7442
79038
45339
58722
13911
42017
74877
6807
3772
56926
66227
46426
2545
53780
4117
13306
15622
28112
79912
51989
68638
35979
39630
41661
31285
17874
31587
13639
48584
58699
40924
7689
67593
40969
20042
36906
38044
65649
11064
24775
68797
1112
3724
33601
35551
37827
61485
33165
61285
17733
14216
65095
30649
61609
32231
76620
8329
77409
45358
55350
75354
81702
41563
74432
81158
38653
58079
58205
4432
2695
11364
49232
25911
35693
8507
1572
44049
76872
58461
65525
15755
57907
69354
53917
46227
17811
1599
26434
26818
22469
20196
39508
7818
34049
72657
6033
45441
79064
16698
27976
81305
77389
45382
55009
31287
4599
54016
71645
2349
3081
34922
47276
48859
43683
49749
43193
25779
9747
23847
50576
10937
6844
35113
54406
12874
47694
46644
39890
65068
52425
3605
42467
539
5943
42513
55420
42046
27829
29548
77880
37930
51357
1879
39441
31279
61171
14589
28989
46103
39645
78368
41836
52635
79455
44917
31660
15711
53447
23800
56443
19827
8546
72234
24934
22673
82182
43035
39432
21771
45187
10662
67720
14663
35987
62012
12377
41955
56061
36640
56647
27174
36240
7748
53907
62132
82206
10597
61281
32368
34602
41334
67576
8060
72688
62933
20243
61326
81204
3573
43899
34524
76971
68152
53706
27944
36576
6485
51984
74504
44650
58055
10124
72068
60355
21998
80441
24188
37645
59607
4064
43062
58375
4782
62637
23083
75579
80448
72141
65732
78018
61214
77761
9207
34519
53836
31341
21478
10692
58070
64275
30478
55840
31841
20216
45748
58284
52559
27908
80648
5618
40070
48358
70132
32734
21854
70485
42447
57126
24537
77904
81994
32455
74620
59343
8425
61025
55036
9431
32693
68615
37741
76001
17114
54
35285
45745
21648
11718
38507
3131
58268
67402
3529
24152
36113
46922
20716
72001
2374
69415
63146
11785
71174
39264
76921
7009
58066
63744
46271
9351
8513
69549
29447
31860
5966
2079
73778
69007
61556
7957
26154
20597
68122
73872
17229
78627
69351
1648
32823
10642
53330
55289
17862
50516
4246
6149
45557
31142
16576
22078
53829
43659
5390
33500
23227
413
42267
79030
19165
6426
4898
49531
27188
56267
77211
77404
55043
20391
40094
7455
43777
56921
4681
74317
38576
3391
26462
73634
11006
11547
10665
5099
38550
23811
66579
9442
36805
3607
17513
33542
5398
70546
16097
13025
42872
24550
23680
14093
5691
19970
78261
23399
36510
7259
43554
26008
55345
44002
57523
17034
56731
8122
79954
9432
76780
33416
464
26431
50330
65998
50216
75218
62219
2548
48276
67826
42736
19195
5013
16652
22820
74261
67683
44101
43658
48129
59743
6811
78432
38557
38266
2033
70219
64150
63194
6863
6505
57674
3157
13318
5687
71988
53859
53124
27058
70074
67081
56374
48974
2065
49288
411
82138
32595
72671
38735
6525
56338
41967
19178
29560
51111
47670
56584
14416
39448
29834
61402
47560
64614
49734
19205
50374
79065
72562
7303
28792
79033
12985
22410
27223
67391
15234
44803
45622
57177
45337
5854
57257
14584
49689
47900
28498
19166
58295
26772
49994
32157
19931
28387
68283
8185
40733
3261
70220
69310
79174
65451
24779
54733
23564
5837
43066
70526
54484
18737
14146
20097
49934
7618
2313
13475
77602
68582
42571
49928
41061
82235
66400
56741
17257
49392
2908
51488
55964
60909
50912
38838
6123
33815
30469
48357
4714
38545
82640
33482
52997
9054
61221
63082
16532
44997
26791
31659
80258
58455
78430
1560
10940
49407
20271
27299
76232
7875
72953
42216
42076
35547
17972
2648
54187
53694
63840
44209
8172
21115
57355
42629
57198
28306
41788
14417
34672
24759
62627
61346
52783
77865
74487
37817
31492
35841
34701
61480
23964
29750
19032
58859
78459
20419
9862
65636
55568
72206
52171
23211
76363
60081
37676
72392
40209
74646
36220
19278
72476
41089
70364
81045
45079
78090
15603
77283
80851
13239
57641
46198
69818
12789
38727
32866
26717
33004
63976
6903
4831
19078
40707
45590
43211
52148
18208
14392
19595
50215
59745
1481
52834
695
82417
77955
41366
79018
77216
66762
39891
81587
64488
66621
18833
65759
63189
30802
59568
33218
76954
64148
43502
37261
30577
81007
32386
23746
3942
2020
44137
68207
24861
80997
74110
57927
52629
22942
53021
49678
7210
59963
37264
53457
20558
57128
11359
26454
70112
13763
67046
69967
59841
12582
41093
40276
75613
29661
12528
59881
61308
17784
3171
9397
5951
34681
26397
29725
22102
4796
75431
44175
80372
80744
16344
32392
3234
7466
68247
17170
82346
79173
9971
20878
14410
43601
30293
64459
65669
16266
47059
30959
72817
70396
64465
20593
72384
32296
24491
76241
29631
15383
3885
22400
61545
69295
67956
2917
16325
4141
3664
42517
66619
15071
18414
10076
17442
77899
74271
60187
46023
12723
16218
23607
24843
25160
22941
24633
44173
14826
64749
62195
10950
35358
28305
75135
16146
28484
41266
61186
61775
33426
6692
5480
60661
18188
2515
47221
17545
16757
50462
6694
75411
81833
61137
6012
38005
4640
29448
26738
12559
55788
62322
46942
74521
30751
82385
2874
63822
80916
29512
50431
48111
44375
33600
3070
3600
2659
19222
52917
79451
13249
26253
18841
54179
63928
11392
49930
25772
9214
72052
27351
34974
42201
72888
81720
3468
36082
28088
5326
1882
35763
81013
72188
57541
54208
79998
77886
67206
17396
19143
8355
71096
34638
38928
77783
36175
35602
13549
32590
56717
3427
74779
14810
1287
67603
15509
74126
43385
56478
41246
76587
1457
69607
54288
934
8627
73854
72055
5968
57213
79602
41046
8408
72177
18068
79838
38039
74306
75722
20577
49314
7333
8528
35847
35293
68656
61998
16041
51812
72462
62408
64913
21581
40250
34740
48614
81472
67579
41532
48598
61371
2629
77563
58434
51774
78901
32430
3870
79738
82313
33529
60626
15241
75875
73625
18253
18532
39769
48142
25438
52845
45783
53789
57652
20802
77689
56
43693
32561
11252
82105
46460
52987
58950
28815
33347
79490
15530
61429
28482
57279
5539
77290
45102
14572
10258
23098
53153
20992
13812
879
50888
59935
55063
34971
55781
21828
6669
53992
65223
6100
22045
72580
65011
44271
58097
58257
25550
1364
17769
13578
42187
65421
74795
15011
20561
20698
40940
58471
63714
62263
60792
38487
48609
51924
18256
46881
76880
62262
56536
6736
77911
6296
71503
41097
17356
28191
73543
35997
74211
40826
68161
20816
40756
4134
75313
78241
75463
55534
26394
76345
42242
45025
39023
35261
77478
50910
16842
80617
59853
51113
37852
14283
71780
2132
77866
10385
36786
15250
22932
42787
77661
67719
6838
44089
70818
11125
57941
80602
712
31709
13091
60
14133
18647
61383
45252
34674
65376
8656
37723
40121
5996
77769
41746
73544
65831
56331
43330
46812
60567
44432
73671
1811
72402
73938
16953
32250
78436
75017
64777
42748
59611
23667
75178
3546
68551
64139
4618
7580
64972
68060
7916
41550
19351
20894
60096
70719
75978
82454
37872
55265
15716
65165
77124
48542
36618
30009
67340
14806
4094
71789
30312
24315
72199
4570
39212
3898
34475
57522
2980
7675
11568
42451
63891
69448
51887
48681
4212
44515
58012
28626
12709
81057
1308
53522
71599
2785
12496
14918
28363
21204
58007
41815
80819
25840
28985
35682
56489
65407
39995
47451
21866
62387
25212
13087
31408
41421
3364
35518
51532
80756
81616
9299
36606
24406
67521
69449
52691
51132
81700
54674
23953
54875
79708
12105
40564
14978
64375
18820
20832
74367
75234
57821
70672
33271
8405
68282
81579
15740
2392
43794
62141
20793
78818
76646
22554
74421
52407
35784
75432
65996
6611
64724
20262
55447
10977
68392
32890
56507
17915
50574
43694
25774
7776
12555
56332
71890
20921
578
53697
18397
14815
6821
46939
21195
41494
19226
4178
63424
71180
70149
53092
74624
16195
39516
40311
60328
1767
54077
82031
26022
53968
79478
37558
70280
40895
41087
25855
15631
23393
28666
6470
40007
67695
64111
52906
20783
2530
12292
19852
35702
53663
21894
29083
38971
38803
11442
17198
10069
4082
62785
57166
3710
11711
38892
68736
7133
50133
54990
21782
1207
5286
44363
27583
27420
78935
28972
73214
25663
11452
31316
31719
22990
55692
11123
57153
66882
71443
17765
20425
53373
6147
46749
31680
18282
49690
63235
35209
41441
58567
76409
520
61640
44847
24679
52035
66829
22185
58735
41160
10879
68154
66803
49321
21245
9474
15470
56951
61958
12652
36574
26233
31193
71470
47830
38155
37411
27701
79918
8884
44979
81260
11008
47723
57698
17835
13201
26854
7682
25033
81831
3003
81080
9692
82139
7172
60632
80566
25479
78272
60556
10156
65191
47808
76681
28800
18049
21630
15145
7800
44943
44095
71306
73218
42711
12542
30343
71560
51919
57789
58277
32208
4604
45248
30073
40499
71325
23872
56681
73979
55336
69913
25142
56224
78269
54223
71191
1516
44280
25472
46859
65422
67433
63453
3613
8555
2675
20089
82293
13064
61294
75569
37196
9322
51720
9624
31694
20502
22538
19710
26507
16542
4017
33825
52127
33323
38473
1761
17815
60871
62940
63803
49764
42665
27946
52529
6703
7110
48154
64064
50008
73811
3273
42396
76286
29188
25996
20770
43167
8013
26422
40866
1920
56952
6835
11888
50504
48435
52236
15585
76564
8070
8938
80381
41893
77029
48118
37153
11320
66271
20345
31801
47618
78238
57289
20616
77972
3387
76787
76714
26568
80897
52267
59497
47530
82076
80050
59346
29789
81570
51117
57842
50287
19057
45990
42082
34216
19599
74423
14797
25188
11958
10436
32372
62215
17387
9096
44608
51934
22086
1180
71809
33536
17858
71028
71386
977
48009
17889
70634
82651
51470
58929
72887
40115
937
9074
11844
30284
29756
18465
80164
80716
16147
8936
33127
15181
77064
19179
75825
61676
18196
44726
37235
49654
80668
78912
54149
28095
275
76090
61615
34918
79147
75739
31796
25016
23546
55446
46754
66790
78344
59664
58013
4280
26830
26033
33301
30411
47532
36894
76398
67322
54538
42064
19112
34077
60426
20195
30699
19341
14451
49877
51327
16065
27913
38744
15285
31389
33557
22080
33302
5511
23894
61194
53441
49244
32113
63631
70325
17358
51278
3909
25885
38774
28417
32924
48939
68931
75170
19514
48972
15284
80960
29229
37312
71858
63782
9172
60850
76088
61503
64258
4284
79012
19576
69907
58445
22591
70590
33380
38305
36350
81535
35469
79626
70899
57203
67855
25108
33358
11660
43787
50547
48094
73672
19317
5029
2686
11542
41303
48978
70697
44005
69340
53010
31806
75683
45492
49732
40179
3638
46772
22004
65278
60913
29128
61935
33359
17749
20074
41696
43500
6558
34936
21849
72602
47226
37963
29923
21685
14983
3890
69766
59181
13970
48261
19628
37831
52202
54955
82539
24617
60524
730
58961
40195
48258
63364
57593
22396
49607
75369
64559
44926
33752
35191
39922
22966
9687
16760
12301
18413
24966
2760
67829
372
18091
74331
4250
30738
27076
16961
77835
22365
14628
60993
37904
78399
63658
64878
16296
32318
79229
67836
53129
46816
33017
80860
23153
8586
67821
71408
31717
27146
26082
77732
39186
73790
33833
78163
19421
55784
45470
10728
70261
20689
58536
25158
24370
49696
74067
82292
12141
5731
30533
74602
29575
28559
69861
61242
50281
28662
35743
59593
56480
51324
42912
3473
47505
29608
69462
75399
80100
43165
50998
28103
81269
68726
61279
7564
7170
36824
56495
53084
11739
14506
14599
19229
29778
50864
80983
21453
58645
26796
30394
73363
19633
47443
13919
44629
7330
8703
33010
28732
22735
12755
55405
29054
18100
59433
28844
14786
26814
72777
2063
13039
75840
73761
54316
46051
9311
60420
20447
69281
32645
38474
16375
8859
74809
24964
79450
37939
15103
67429
43932
62060
35923
76569
53632
80612
57844
32006
15567
66384
44504
73228
78256
1897
48231
77241
53693
22183
47841
32057
76940
69437
4236
70520
50664
31639
11222
24236
39684
73831
24206
45926
75166
18428
24841
18399
15170
62178
69064
26543
4108
36866
10261
74209
37520
76960
57713
13311
506
40896
74109
25761
54760
73546
13938
4663
39788
73493
51061
75703
32915
34598
59734
55129
1846
32130
80603
5528
11924
32192
4895
45941
41225
38019
13616
13325
69167
32017
22261
58197
32640
45614
30005
24910
65083
74791
59964
30606
43225
78843
78534
30786
58997
67353
29359
11016
37325
15577
20774
79370
54776
61188
27474
56378
7965
72793
16602
37532
77052
23875
18316
48292
34994
29328
30210
8300
75213
58610
39767
80081
63115
48217
76390
19917
73912
21193
59275
34468
18795
43929
8207
9983
82120
73068
75132
32284
63700
58180
67902
75602
77751
11918
10107
67082
8565
19983
52274
53566
26367
3109
58715
62672
18008
70375
37797
5106
213
19698
3707
58760
79228
55844
81175
28738
13136
66812
65907
28406
32467
4549
39213
29385
40271
17680
53976
68900
43583
55737
25412
31423
41477
29706
64380
36305
5113
588
62192
52414
82683
21052
5701
78692
75736
25502
3221
7659
35581
21535
44558
2921
6528
36382
7423
69509
18961
66187
50240
72404
79742
76394
43094
69980
34399
33582
14894
73687
57691
79571
26702
27349
76317
61759
8682
59139
16814
71104
40793
5049
81471
75913
80574
59694
67475
57715
22195
46782
12407
59551
21464
67018
38142
28602
29763
3238
78530
68289
68511
31016
36008
72627
10816
46464
77352
65734
43737
4668
15446
52807
68768
71475
47540
81425
55379
81715
20624
60193
65088
16861
75314
33295
78207
31824
16956
21758
76744
80043
74236
9460
73449
52803
20983
75834
82495
43605
61586
75305
61400
10669
67928
8423
38088
79210
2841
6087
48572
68081
44362
36610
80854
53209
47466
20036
76513
22269
36124
69687
17463
27712
65971
629
33550
16350
49538
65092
39493
18224
48222
29593
49402
36004
22515
35313
65007
57650
49753
11746
26540
80928
39091
82328
80418
72472
47314
19397
79992
77745
27678
43681
41583
34649
47625
77240
60179
5988
5723
45229
59898
47480
58248
69719
27996
66705
41756
43592
44618
22629
63591
81426
15142
80738
64769
66412
61594
45574
26041
71736
65400
38932
46699
12531
62283
73160
19495
38906
1473
10699
25864
59887
21421
23184
74042
7849
74683
8308
80661
31145
6846
23031
3951
51114
34975
1043
23586
67952
34374
28415
9245
66068
50206
55542
29658
5112
15372
66041
11541
19604
49144
30276
54095
46025
31424
52607
72654
63947
7422
31011
26673
70776
74604
80280
23848
47683
12869
7460
321
58140
44508
25180
52495
50511
61854
47531
63993
67232
62162
6387
8795
19862
6856
68681
22715
36379
44656
74473
75260
76273
75039
75533
63739
77569
80988
57664
12321
71542
71880
48509
7528
6202
52625
14750
39436
31538
63733
53563
48785
41573
9698
78447
56351
67166
26499
66978
76823
77480
68115
79658
67331
49138
42511
14321
21605
18665
73558
65168
5208
41042
13998
42593
22163
39251
76439
52003
64357
12296
53544
43118
48903
68874
61379
29387
54768
53652
12968
68628
33011
44261
9105
11980
39215
24014
67518
46600
77529
11843
63125
15566
66088
2201
23535
22342
5609
41909
48550
40373
19954
50145
62952
61312
46398
44029
40841
1400
49952
67217
47824
72221
22292
58924
18167
62148
14184
60457
829
77416
34334
25936
34566
82323
42608
65995
8998
80999
53910
18031
65169
82199
66029
1659
35121
72785
3591
26766
6146
55594
38549
39133
38362
70665
58190
63080
24128
43309
80919
44646
56035
16927
47274
8893
57569
16259
6766
28104
65452
59374
34745
10229
49414
16572
1005
25669
54581
40100
6482
12654
47122
68202
47810
55566
16453
4089
46823
11453
17017
33468
11656
24220
64014
16671
2463
38239
36701
29370
29682
54040
42037
61558
43406
19727
55577
77065
32416
21282
25960
42975
20986
63868
30818
53775
1673
12009
80264
20278
36181
801
60653
41387
55617
51784
52098
71519
62187
13517
20384
39479
727
81629
1390
76713
73077
10199
56852
45279
19579
5047
50644
50109
17325
19725
77138
63190
64104
53382
69431
33528
42785
22390
49635
25371
2115
36421
25090
22058
50984
73989
6472
39192
75423
4627
30755
41070
36249
63202
49011
69802
8170
184
56836
78621
15152
5418
27759
79099
22352
67277
38609
67327
858
27564
78859
74647
63267
48460
25660
17943
30471
71859
63221
14200
9000
33197
75724
67381
11971
3481
74082
80248
33757
68444
53806
13069
18292
77167
29571
3672
74639
81888
72984
38089
61232
13951
68280
20705
15353
81532
9894
81320
53964
79883
53612
13424
23858
37736
11639
33583
61534
29168
7405
15125
54034
23883
2331
39219
65912
152
65887
59708
68493
25066
2287
46304
11506
10392
54351
23237
47225
68741
13632
30596
30852
41864
9669
12357
56734
59690
68425
63220
43293
33967
24042
27559
45096
57671
40310
59047
52995
26985
27808
57897
80892
17283
22547
49591
21602
7030
75458
33517
65310
81209
45188
20939
30310
74843
50768
49170
7032
67828
69255
12499
12035
33606
54749
24053
54431
7126
36040
50469
65752
32244
72540
19023
27264
47598
49759
76410
61855
6770
66889
50611
15292
36127
72014
49229
15310
31701
6143
21862
25079
37498
76450
76254
47205
4197
2181
1358
51974
63022
43637
58641
68616
61827
44500
36191
57307
50852
53654
32778
77575
26551
37013
22268
51891
12822
33556
40533
659
60424
46082
2633
46081
63666
37630
47923
21441
47156
19070
45086
43258
3084
29743
81495
32899
69390
32014
75258
46836
9730
68909
22332
27133
49313
58671
41051
82619
59540
9484
9374
65277
5161
48534
47722
74342
45016
18045
6943
66454
17809
18972
37985
56469
20234
21598
21399
3242
21572
9285
49382
43736
81662
12384
8854
68571
50111
44626
4610
74954
30131
5898
74610
41505
72270
73571
20429
21291
68633
33053
30436
54627
6785
46696
70472
63411
81348
50142
43172
77129
29950
53555
7191
29163
52044
71744
28093
74135
35070
17505
56421
16950
52
41324
22138
43421
6777
81839
45976
37399
64112
40476
73699
37695
62822
62368
31647
21471
49003
66401
79764
56099
42054
36585
71168
55168
31759
4022
82245
45820
14992
64161
80900
41982
68077
63248
56458
14208
16708
33096
63633
56771
46735
1270
1312
67317
41976
50509
78564
80695
32780
23554
17139
39877
45381
70359
57300
11808
65457
14227
68355
41777
29660
72682
70283
55266
82329
28298
23819
31187
18714
19863
71018
70415
36779
36626
51581
60554
6809
19555
12876
52011
61047
72024
21170
13175
32239
21235
81768
63870
39309
28159
59821
36872
76524
66522
16791
43945
80783
36416
49239
66539
40938
29829
9705
76087
73456
81136
12937
51662
9427
48987
20654
39352
67543
16276
66554
41136
47102
11670
48636
66307
43124
52372
38809
25891
23447
28386
8838
50813
42747
19272
32630
28337
12941
78978
71932
42302
43139
58037
4692
53388
21276
60131
6048
18142
24511
4145
44073
54551
6916
49869
13800
59161
59726
50797
64736
70194
78451
61927
8448
10291
29435
30264
27498
55778
63726
80652
29242
36811
49454
65774
21701
27631
13254
37388
15356
65786
66119
42237
70662
60271
32298
7402
64848
18970
53267
63084
58556
55620
56312
35637
39528
72762
37554
34928
25641
29053
49755
25623
44566
44256
34976
31777
19846
4405
47714
81659
61967
79881
54744
27602
77693
15762
529
11358
63585
58768
42107
65383
63371
4400
35453
20506
57237
41472
68096
78658
5599
64230
37957
27048
67064
81719
51331
64813
37577
38227
62884
39612
28100
7891
7020
71748
9768
42660
21996
61799
42348
12554
31365
64361
68777
72921
42418
74776
12029
32658
30104
75915
55886
2896
61224
73888
26491
62160
47375
52405
22837
96
53396
47049
42652
22731
77821
45234
27764
59264
41779
27736
11294
30200
16535
44762
71778
64092
48113
39231
43097
31237
27159
57912
6204
57866
34892
26358
71147
53497
14974
18035
44251
3106
59263
56051
57244
20691
37100
71749
30626
2417
37988
46186
29049
80487
60005
64198
43351
45164
72143
41679
55459
12653
35755
39005
30651
4844
42941
35029
64551
56624
64412
63879
31964
36411
3008
62018
14953
46671
76308
41270
76407
35798
47529
31073
29529
18516
10664
78611
12572
66016
1220
63152
23063
57385
56885
37268
59831
7770
46853
40200
38563
54049
1326
38953
19936
42611
58427
36928
4043
73192
49534
50275
68695
752
55372
77440
71665
14471
27372
22972
39234
42319
44345
18115
50148
19014
63123
40903
59353
41149
55672
27124
36707
31335
30453
54696
54603
44904
52399
15637
214
36911
78494
47377
44198
286
78429
26875
37142
19607
57130
37175
62735
29287
613
55567
22593
79673
49493
33186
48710
3046
12068
13749
53280
59586
43487
24105
81132
60498
13690
503
16795
45579
51187
44448
67485
40770
63579
13761
27561
1087
7413
70413
18044
4904
45543
14165
14696
47535
74708
35438
30684
27294
4318
80642
31453
58946
8694
72820
76180
76589
76624
75763
1432
64120
5878
51475
8398
63386
7454
16990
55123
74383
65327
72407
47406
50046
63165
44601
82598
49077
20731
57263
53058
74827
39990
76471
73260
16600
74667
52930
29484
30886
57531
21549
57241
47797
248
59089
20388
3340
12670
11076
22817
52903
37275
14874
60127
64791
70704
63664
5940
57997
3787
47820
25193
26618
12726
30056
38132
20362
26110
36547
28490
38854
31616
828
15985
9841
67984
73427
80120
58176
66656
50705
52263
41375
33632
77714
13444
43547
8400
32362
56400
72925
30563
65714
52159
74904
54670
17561
38733
42247
56622
40863
18689
21249
54454
70294
78777
27826
53492
19951
71806
60227
26515
61657
52255
13407
56783
82251
2770
14513
82188
34929
49955
30976
2034
28009
69950
18585
68510
65229
23888
35125
71939
35991
13242
40718
62553
58549
44596
15589
68206
29597
40812
74185
8818
21117
10032
44298
25429
39096
9326
51169
55741
9807
23856
59674
51093
15861
12020
67927
12834
55093
74315
32594
16515
71284
30931
82071
22779
3200
37451
75415
61694
64241
63
23043
49814
18247
67165
71235
27444
2213
33120
68170
25568
33398
2786
10809
21317
65261
2867
55894
13181
39189
69053
35658
45019
72834
71031
63470
47593
756
15366
29469
46131
58727
75351
8141
75396
38765
9884
79270
70772
58939
50210
32109
25320
47753
73975
54153
21360
23922
57637
2047
24115
15479
34661
13522
15664
71558
14251
22773
67512
32072
67793
15252
10201
35921
590
58826
69446
34359
16435
43871
54967
27998
74010
64057
63867
67372
62737
38588
45227
68995
44869
45502
71914
36627
60462
57915
30749
60106
25959
56261
63249
55948
32354
69982
12981
73328
74901
16764
50314
69515
53800
63303
67063
73275
42591
13192
34761
54027
4076
3849
29806
79187
75224
43081
50587
81863
51518
2972
13744
75422
38098
78389
80
62831
54371
63581
52603
73357
45595
27519
66977
73539
75795
1969
36580
43608
66745
24788
37351
23929
57806
46709
15799
35770
16394
61895
60697
68180
63626
12763
18604
31657
62220
4279
64571
74807
25464
80359
37435
39100
24159
44959
52051
73514
67791
46430
15937
76738
81932
40737
55649
62592
53216
19352
67643
26194
30603
25722
72036
79381
64235
42541
49575
24288
7713
76712
4622
24020
38701
14020
60135
78668
18907
24006
51160
64018
56770
63537
19377
82055
23620
19467
60613
37609
63577
34893
52858
61841
44323
16066
36616
39813
25797
72734
35342
61976
70706
72297
23294
37115
77149
66604
71903
58762
66820
62383
15697
61651
5108
43153
6196
6368
68329
66926
63433
58692
81954
34027
48038
48770
29088
79332
56367
56328
32564
30047
77496
54008
47997
79440
1240
7567
51569
58718
59412
4481
62174
79430
22587
10469
13106
72655
46982
16513
5711
31846
74889
44849
5668
27219
51126
62458
43131
22771
15515
39657
31368
11837
58781
1197
66704
72098
29228
24769
61484
39584
20176
66124
61992
23347
60154
63621
18726
34990
71781
48099
17924
21781
32084
37441
61388
79264
67440
41501
29234
36400
81430
38031
54798
69711
29734
50690
48100
31891
29780
66091
27923
82719
18088
4084
73296
81674
55395
66683
75539
29578
35829
72902
23966
62642
1867
55755
71220
50424
20936
55876
45289
58226
12893
35107
17200
17642
49033
54445
11431
36728
33110
10557
63141
71761
64228
80493
55005
72800
26012
2581
55829
25899
32060
1306
42323
28889
80391
19800
42295
69180
3668
31048
30983
23464
48067
62351
61283
12664
63950
70498
27317
19906
37944
16786
68176
26301
5740
62355
69137
61142
73536
32632
14554
58132
54741
12766
40571
35970
67669
79247
81578
16978
61978
32342
68850
80848
25264
31594
81389
10988
19233
27706
71887
64965
70156
78545
5064
4723
73128
26147
36748
30239
74436
56193
58348
28737
3049
8888
29327
15224
16761
15575
52599
24484
57778
24379
78930
45978
39046
61259
33371
56110
25991
16230
48913
23639
58350
36019
22875
663
77235
47298
19502
31495
28713
40134
18911
12085
42020
27140
72626
75965
66549
43710
31820
42309
76941
54468
19522
23420
45201
59402
31438
29466
53564
30067
43765
39748
8537
9844
2766
46768
43543
55283
865
68871
74258
45798
40762
50617
58235
110
74648
72897
8309
68361
64793
37429
55671
74847
59616
10963
20207
66998
40217
23740
51157
49546
77354
79893
20692
16422
46467
70169
62925
1536
67162
29832
34068
8221
66595
51462
32543
75184
69827
78021
14973
52168
4836
15710
5930
22780
21469
41904
60984
37623
622
42651
24703
55354
9569
53182
10983
5572
64548
61191
45273
73994
14773
19428
57653
69026
58501
50975
30305
71154
44952
14463
21543
70423
19241
10744
27184
35962
74435
70133
27228
58163
28988
59082
78643
67109
53248
11876
14258
72640
34459
73663
60923
32391
76899
50953
77351
40996
54213
11490
49713
42241
10938
37726
37916
30364
39986
40397
81740
31296
16201
47982
78557
19934
53133
26316
27135
63972
15522
33982
12215
37873
22499
74076
14863
53460
51504
21145
56765
56623
29133
79180
79067
76798
1925
73148
5096
13754
39860
703
68570
75171
40422
68508
32766
65337
25392
53249
12070
4612
16011
6780
80367
7742
2749
5874
76257
53287
53905
82648
64746
51681
7703
38882
56709
73899
7289
57315
9707
60662
16084
61583
28689
1559
67663
65715
20504
28562
10851
16150
66489
13206
74158
39106
57144
68981
42407
32322
77619
33448
54184
36512
47223
48895
56068
21013
71405
70827
1916
43316
3741
75250
56965
63638
76651
41950
70636
16136
26588
16753
11536
6825
23438
35852
48398
22543
50966
31640
71896
41032
71319
39011
2787
2133
62673
26483
37648
61896
63578
37393
46203
7222
45213
29397
8346
60846
64160
50277
70522
156
16385
35851
70351
32949
19905
78140
66565
30395
18660
11828
48932
18849
54971
1835
67571
18803
5582
17639
53178
48637
35074
59050
48540
24720
33264
43397
76531
59595
68738
12972
55925
37830
81245
65089
12443
33913
32465
27684
47000
74910
15442
56595
45334
59312
75794
55427
6166
6073
73521
9737
45571
80402
43645
17945
13967
56377
66345
72455
40031
48519
81160
12465
22807
73186
67337
5217
56255
43329
12896
43078
9709
80348
20257
55100
75177
69054
32885
16963
29752
62155
52497
927
32484
11867
24662
31955
11668
2533
42145
3231
57680
79692
43040
47586
1247
80299
46968
55471
46339
4074
12508
4347
5442
43617
50337
62430
204
20116
27266
40376
64533
49722
41001
36804
65894
32252
63105
47886
20175
49153
68159
42372
36755
1069
72567
18574
39560
56379
62520
75980
59588
58897
79179
23865
51546
3990
34328
50806
34
73171
52990
74330
38497
51321
32193
9856
79672
18797
28013
35104
11652
47851
61437
70454
67863
12132
10539
8387
31836
76191
14687
56662
47985
18952
69537
45970
41231
40717
30431
53524
54227
31866
76449
58213
35120
34089
27570
46249
25388
61985
46412
40999
58464
63188
73440
26481
9602
55114
44954
79288
72180
12561
68789
18390
37947
7946
41025
45396
31191
42535
45876
54978
45489
26027
7404
79882
17457
41896
26449
78584
59468
11276
10273
70552
72013
71363
33558
44398
62051
40860
13412
30248
15939
34450
36447
64053
17935
82154
54354
15075
59980
56849
40657
31241
12043
74833
64185
56334
66035
51866
36820
30964
19996
14737
25706
60444
3577
38500
50719
4775
27323
1985
25887
33449
72207
69298
37751
48251
9559
82634
48595
5377
63055
11579
13874
57538
23731
69484
46825
51998
49621
50544
54192
29674
27737
68948
33087
52110
12700
51014
31520
63690
1652
4534
33081
39672
42200
59123
1971
78578
56670
60234
6484
70144
55796
42157
6981
25047
52927
10763
33496
40382
15441
65412
70303
57083
56452
47066
43157
58147
16494
69352
5892
22039
25893
30012
60651
48277
43905
36109
79357
31643
28485
62123
13431
43568
52034
28162
42375
72272
6549
12172
10890
17418
26364
44347
62177
19035
10739
28826
10077
41113
39440
82309
28486
39617
69470
16271
27127
48308
58121
17290
49858
62696
16202
79072
57938
66618
6503
19694
47564
29460
3544
19461
28592
19941
51013
66233
78617
2208
44689
38295
44319
34153
19720
23470
37217
14487
65967
47031
13532
50809
60882
35843
41376
30362
2598
43922
62032
72200
55652
21347
73248
53213
68403
24161
22153
32596
75557
63154
69631
73838
38674
10053
79145
24384
19872
74994
42828
44949
38199
68051
35164
6506
38189
6051
1847
71263
27733
20119
1225
55416
31158
48727
56056
18572
58528
3925
78308
10458
6344
35550
44118
49072
14936
32870
50989
60333
29708
13416
54136
47898
54788
47550
57899
56000
61334
54516
9166
31526
42902
29662
34756
81367
7086
33361
17220
41224
81012
2217
15451
60805
58065
60246
20517
53480
39752
3383
79160
17459
13312
64082
39361
37486
81666
52789
37284
49121
14382
29492
61164
5735
36134
60470
54246
44615
78857
30177
14466
75640
81826
6580
50562
20150
39403
72986
38661
11743
20745
12883
20432
76907
36681
4513
60962
69645
36205
68410
73992
24922
11811
78320
80985
43978
56438
8046
6305
40828
18863
5051
16783
39424
60121
41591
17433
39953
57762
64485
67213
73842
19325
13643
28553
73185
45946
7141
51215
28630
53825
20347
82342
49332
47272
6715
79415
48421
21728
44091
64424
18612
60083
41991
70676
3110
45899
43371
56195
67494
20163
30652
56665
70837
49545
51432
36105
65446
32000
1991
17330
26718
18876
76808
64820
62154
49370
46470
41897
31570
44475
71720
69528
8033
26852
46503
832
33425
75659
82686
51323
18006
8326
50854
50017
66692
41077
29936
13904
44366
38912
64629
45886
44727
4569
22215
17393
11434
13438
39952
79981
31980
17226
47827
66242
9069
44744
61247
3729
14003
30402
49706
55736
33366
10509
75301
81091
4439
795
8987
14989
4869
75901
23643
60073
59363
43570
4026
55214
54139
54964
54541
9743
46108
58360
62807
7768
17852
9399
3160
51660
51888
3514
71011
71476
20779
18073
73958
25540
20031
3769
79915
5095
74535
49978
43920
40991
24515
35412
23593
77342
21717
67150
35204
28645
14148
19494
59584
58544
75662
60055
42159
51414
60223
67565
6055
63476
10852
2320
13426
27336
54360
19812
12832
28522
67341
78652
31600
70389
56928
17671
11115
5224
59705
25380
61298
63443
69971
61520
31854
14914
41585
55029
45218
50551
55659
14201
3297
59892
37824
37686
1801
39444
18495
42345
54394
30761
63904
40477
4339
59547
73256
53601
34970
72635
68837
60581
46220
71441
46067
61422
33570
28519
71465
68156
840
60196
78500
50954
12210
4130
63156
72989
39486
79824
35479
81036
47688
4283
2838
70492
67432
71077
12471
54373
52459
57004
54240
37932
27056
81196
67278
7341
76510
67457
32759
11770
56913
19940
13422
19731
76463
67445
68348
66519
53513
40597
40602
60350
39523
36985
982
6022
72918
54734
67144
43744
55890
2153
27719
38314
22498
14642
27626
60317
54656
65033
4230
78027
39363
21358
23721
11147
48797
76537
44065
33128
60388
77691
25128
18960
57827
5039
35301
76203
4131
56737
42445
9219
26067
71654
26999
17870
194
47942
50926
30814
56003
15507
37861
44225
52938
39243
68120
14433
32243
57466
24051
76012
71471
54728
46975
10543
26996
45092
34295
14521
82043
71411
24817
31937
48832
28916
10060
73511
26803
54536
51596
76153
80720
38794
63746
23357
36194
12075
15089
65813
2377
26246
72945
53233
12286
59025
15087
8087
76730
29326
58001
73061
47501
82263
1066
2900
68720
61296
35092
3078
41730
66710
40978
58062
52473
50384
28796
12785
63069
45781
4296
63619
73966
75798
31988
44429
45436
38926
14516
14764
22649
50869
31697
47125
60043
76664
24058
54455
10538
48471
26143
59366
39265
78188
22676
12429
77394
60487
26775
64328
31583
81309
69981
61824
81567
45006
19362
14821
71033
57163
73175
73876
16862
25325
21986
44693
25966
80262
28472
41674
31261
9053
54714
1902
33436
76911
61731
18576
18926
43638
38807
61339
23284
70104
71800
44230
82526
74766
59215
1586
58482
78979
64247
67010
73754
44039
80620
10572
60455
58247
27468
40540
76846
34452
37154
69110
882
67568
637
331
50166
56630
18389
27277
16737
79518
38477
35803
79354
5070
1699
40648
46585
61109
52126
49946
11192
55719
79499
75151
19016
3372
68880
29446
4438
9333
34193
26815
16289
15830
35747
16853
200
78410
55806
53198
76438
72743
67344
49606
55027
55520
53676
46432
49106
38734
28546
30513
23568
76829
48086
31082
40506
62725
26322
44048
35161
60860
76855
49739
18180
5338
51584
37259
58751
51986
57456
13791
76837
65397
53815
78544
10769
15397
42504
23437
43690
38806
64286
18211
81255
64786
54005
21547
71845
32770
21156
36778
77317
18929
2773
68286
73594
58652
57098
73335
65643
56321
19364
64567
80547
5107
80884
24628
73586
13026
57521
77610
19015
58733
50097
82649
53777
31167
72439
64482
35548
36780
2054
47971
45799
82438
25447
12952
1023
47110
38272
60064
37881
53873
28150
63241
63856
8750
44174
68556
82688
6224
72252
17727
32188
81099
48531
13024
81345
46807
484
40786
81581
44668
22991
47901
14017
3688
41899
16706
8356
22255
14499
73883
73336
2554
16474
37185
31218
78266
10152
43622
46597
66582
47418
6973
53890
47254
68916
49521
73269
33756
75336
28015
53400
30895
46024
26886
56515
67349
53238
12704
35082
74987
42519
72763
81688
74635
58522
71371
62659
56232
8845
9482
67905
72958
61746
21015
23967
67065
47139
66339
53894
27918
68450
32076
19307
27437
71049
13303
64964
48766
69511
80365
62895
80277
54754
57462
66253
17129
35940
47258
4834
62955
60999
66630
21333
77573
44703
6540
54401
57923
19407
44180
45374
58118
27728
81855
8245
77721
32761
33367
42515
23835
52064
46386
10134
5603
71112
63687
25089
18223
15492
13450
39577
8337
47802
77547
18995
40381
11104
51178
36735
26025
56829
40017
59023
54085
37318
21550
70020
13491
2547
31673
14056
49237
54291
47148
46984
5973
57073
58613
73377
75041
45787
50778
82593
62939
76302
28881
8920
72947
50942
33625
59660
21178
58935
26138
82008
65220
52292
60014
21973
67140
42052
48514
32186
28094
67802
26923
16477
42869
78576
3572
77077
68978
51983
44988
44433
16718
68173
65686
46668
33869
7237
32771
61381
44553
9763
9114
10003
35760
51779
75882
33988
20169
4374
60863
75075
32984
29377
13653
42485
62320
74351
13587
41249
49054
7194
7457
54855
15485
10087
21206
42138
27434
31225
81033
63025
38990
44393
22671
11729
59384
51134
58488
62618
36441
75772
82575
59340
66449
16987
21209
54226
71068
48845
20306
15184
77903
37366
5505
19512
30878
22832
10101
41685
35421
61575
82281
71008
67483
18162
16030
59380
38749
46256
10892
6795
2864
45141
11285
52505
13858
58644
48707
37813
17550
20721
10020
68756
58916
13839
80929
71874
31185
49622
78969
48216
63262
40356
53945
2550
54205
24912
62772
22976
10186
30286
71507
4826
79907
70829
76075
9961
70539
59591
77223
53489
62311
53118
27053
23285
50807
23195
65424
18459
77078
51301
72951
23895
46435
36050
57635
49285
36288
16437
32448
72877
52233
43190
51693
69975
25326
2183
31663
61961
72677
76815
5510
802
23219
4721
8571
19520
635
68310
50659
78539
47803
58864
46584
21394
18476
73614
2526
9773
47439
63012
20550
42564
71671
39699
76614
17156
10567
42582
75074
78796
11681
3854
10799
11712
42961
51530
68661
72977
60411
39616
57453
62402
2311
45889
51447
73104
48695
43324
66312
33207
60614
34167
75726
7773
58004
6914
77032
78311
31040
11781
53804
1606
46235
61874
75867
45836
48380
15033
43580
49628
45245
17415
41965
68987
55208
39591
81779
8477
36319
52491
5584
73176
37247
50754
20120
15532
20373
16867
70727
71576
17575
8177
13010
6836
58222
35426
18466
82607
14275
25603
15264
35059
79727
60752
57020
64094
63944
22424
78954
52687
4941
9090
75141
6328
82644
22519
38289
37152
75966
42011
58833
75719
27702
45894
11846
67356
82535
16728
11771
8606
60824
52161
37782
34455
43646
6945
21022
38688
33501
28316
13677
19639
31825
77189
64859
40221
72913
25163
75729
72183
20394
52457
27077
10862
22063
4356
47073
55944
31160
52651
35147
69126
51712
21231
29299
32306
3119
80644
76329
47989
25295
70971
37432
24825
79599
52818
24952
67708
56387
47388
74377
38935
64260
8382
81749
36048
15868
11928
45283
16736
41240
14369
45603
69108
63603
64123
47325
28027
39801
11941
26222
39339
48754
68277
27922
13337
59857
79423
67003
70587
59920
40224
29728
5097
8086
22576
57644
16073
24879
10260
13446
59447
80807
70984
62436
74801
45969
59510
28555
42754
73138
62309
22876
50063
67183
76056
56764
32304
57026
26877
11626
20057
10309
16951
3401
7673
6716
76204
64506
40755
58206
7095
16128
26393
3116
15827
74199
66329
65758
25286
13197
63451
80014
52747
23587
22486
21751
14962
39751
3658
27544
35748
32140
48214
42405
55422
43805
23971
18721
14868
28704
5469
28492
3102
67002
39724
70422
8662
50474
50108
70761
8774
61794
78948
22686
65456
8636
34613
12678
57544
77001
38171
50477
49115
74089
72282
72797
79777
50125
65624
24858
23779
49249
19090
55963
75918
81106
59856
82136
50078
11557
33121
18130
6101
43477
69544
72181
38534
33342
71264
69533
55207
58053
2068
36840
74240
25599
25330
2072
6946
74834
21608
20670
65235
49176
34229
22056
64391
67787
64851
73461
81673
81331
36782
30541
36463
76058
74467
76008
46102
68163
13394
47068
29558
52332
12882
33412
44236
2261
54197
1374
14067
73723
36233
53352
23092
36740
78953
18502
37620
42634
7761
3754
70823
16665
18173
64756
37798
34744
32772
45947
57236
75637
29120
66105
25525
71977
57828
33129
41860
28943
39415
56215
49192
30322
67407
13012
75116
7478
67838
78391
72011
80550
71751
27738
77889
76627
10354
11902
9596
68593
56202
35855
41210
77397
78492
45423
50304
23796
36365
23977
41464
60260
34955
13762
2649
78284
80609
25643
51437
20903
62549
74942
59878
7230
33221
58305
18398
42624
50858
74537
51921
43837
18831
10093
34722
13305
81278
72028
34719
49911
9444
43788
17829
46236
61130
74422
59070
25863
43005
57219
78748
13227
81784
17223
21784
59826
2612
6697
31046
40585
22518
41207
31699
22391
12571
29501
29528
65890
41551
36731
52515
75406
50299
23084
49456
26172
3414
76993
48778
43354
72091
42937
26088
41623
72836
47884
63941
12125
5389
36208
67813
44376
64719
20958
69326
48370
20579
15606
41802
25574
29613
60476
65991
15613
5121
55628
63387
43086
73179
284
51347
29307
26232
62403
57359
52542
12597
48396
39856
45359
46557
6413
18735
56504
68274
46890
9625
75623
51465
55068
15244
56689
24603
61955
23574
76154
51875
783
8258
16432
17498
74853
11701
56034
73639
64555
80194
77549
25369
57717
18508
80394
52823
51296
26383
67628
11224
24080
22678
67370
19523
6567
20104
1732
38237
58991
63960
74638
51711
62486
27710
69183
46323
63852
58820
1204
13403
13538
71623
64761
41751
44358
66611
3358
13870
28220
70583
55780
2930
554
41714
65504
38968
46006
38805
48005
61359
50882
26960
69506
28608
26573
67660
23505
73240
9406
11290
49813
11807
58157
45646
34863
34293
80221
73177
68892
58371
18178
48184
6691
32406
25166
48938
82109
54853
59334
52815
47094
49724
1331
29303
69912
49865
31805
61701
17854
25390
14107
4727
74123
9732
14739
35420
36226
7076
28313
67454
68339
67993
77456
27633
59049
36321
8575
58387
50370
22648
26279
81138
48434
58884
10168
824
64191
15811
56179
19986
51167
30662
1814
17737
79496
54320
69482
77062
13699
78639
16450
60002
80932
22672
35690
19276
20305
78664
17741
71092
50900
39319
2936
30990
74274
22360
23979
73524
25054
36708
78525
12250
80786
65764
28205
14158
67069
32434
44535
64854
69184
61122
2620
32941
52433
44058
19804
64348
74898
43643
81048
45573
81605
32858
18396
25569
59704
80199
57089
26953
45585
17684
56182
6999
67780
54578
43747
32090
10257
54832
74267
46098
33239
51707
77442
23334
77370
79356
13401
73921
28458
14320
5524
50101
32044
3174
41837
21617
70365
52106
34168
61525
7279
72579
66877
59962
42124
42802
44924
78292
16278
34486
1309
16487
17429
65823
28167
51189
53745
41883
67214
81040
61566
75497
55874
26753
71644
81433
62346
16948
76552
30052
69311
32712
58507
35298
65232
77464
80573
26670
35669
63379
81835
15911
59516
63853
52454
46068
6158
78066
77443
13912
1948
80579
16646
35701
56532
30691
52618
31233
56155
53723
41282
26263
80542
13694
23355
40741
45029
43272
8532
70968
69884
34413
23301
12801
1649
65361
66939
57046
33942
21855
46076
33192
33494
64890
45583
6228
5593
50380
44901
59520
76210
40462
1351
57851
65013
73385
63355
31101
59534
26689
10429
56528
81271
42595
29265
54102
56263
61203
9026
75105
28136
33997
42812
32854
27890
46376
51583
26002
17154
64429
4475
4822
72492
16591
69388
14674
8866
23099
43186
18538
52738
45997
9429
14890
29199
29207
59751
19047
22077
48221
63973
35005
35056
19600
73641
10612
76546
70862
77154
5709
80469
59352
82684
52349
50390
59306
35708
17021
71346
24989
33883
22304
9289
702
16658
4456
20562
46469
39411
71656
21210
47330
61471
33526
80530
9298
26144
30113
43893
41784
78585
72227
27467
78950
48758
4104
29952
53155
40636
6456
70618
78836
38787
32937
10628
43212
62537
2353
61267
40815
57568
65517
9779
21997
60579
60838
70183
16947
30991
65951
35205
11235
8412
22213
11189
41467
75043
11514
3972
9981
9210
9869
41277
73222
48619
76006
68632
4265
32451
75371
17812
21159
5255
39821
48011
25822
24907
7256
77934
77096
19072
73006
66942
78350
72430
18632
47861
63615
78885
34285
69074
59356
52216
69198
67693
20920
9695
67968
80203
71151
40416
22740
43528
6671
75211
82435
32530
35210
20792
9874
39831
1755
62419
29057
64819
37252
18077
9440
50605
20499
43989
12155
65213
74424
906
35626
58834
33441
26235
69364
58557
25441
44915
12948
64109
49496
10009
50743
79321
49704
33857
77512
44824
46555
17521
33043
49613
44614
78837
74955
66547
67950
25087
50826
66758
58076
2962
51068
14058
73482
45690
14794
48735
23397
35905
38204
61579
36665
21217
77748
22415
40050
43283
53232
12056
70974
23551
29930
27732
42884
3448
16017
33336
13371
14136
51666
1276
27705
76717
8963
66171
34048
80516
33858
1647
10428
67468
36353
75832
31422
42772
75862
56333
72025
59173
51083
62990
5231
17532
35533
68061
67380
57041
36283
41540
76817
14818
57815
17208
59230
63818
68307
15124
79899
7911
62030
29159
4861
28465
58915
29091
21681
34100
51210
22433
29117
17426
42279
40711
258
27806
49250
59466
47738
51816
38020
76270
28188
7944
22762
59057
2235
44133
78506
41876
35494
23510
46799
3
69168
53465
62815
34746
54069
52465
12714
63503
43271
40586
13583
78082
72425
25007
59513
77278
48516
81689
82674
43310
66493
77927
63362
15041
37131
6826
78446
71956
18954
60272
56977
49674
69424
65881
48834
24439
47507
33935
55588
47538
16793
22252
42803
36818
7595
8339
3100
38249
34324
66195
69135
9068
18254
16796
11607
39229
12708
71718
50003
69643
27447
9414
28850
20827
54803
35507
59483
56020
48818
76721
45477
20087
44249
62461
43044
13186
42843
66719
70692
79467
6427
26517
58475
36797
8162
73013
41045
15217
80787
12066
64919
4690
30076
59627
21983
32602
78454
11864
44055
48830
80228
20531
13524
15784
38650
78605
33615
7985
23846
49178
47468
68664
1884
38723
47551
8493
33527
2001
24965
80706
41279
27531
33066
1977
11686
76540
18770
21652
2669
16178
30296
44575
20909
20595
6938
77323
401
55392
37256
424
37299
23632
81189
78030
64106
56933
65378
20403
81046
74654
44423
8397
78113
22371
18685
75231
72904
73919
2067
25436
56490
62460
25480
57992
62861
35880
15306
73719
46525
2591
32379
40531
32024
51990
31370
66259
81852
38297
44530
860
18236
29848
73341
34339
28790
12991
46946
75265
73657
47464
34085
3614
64332
15266
60981
40575
25427
61507
51964
77655
26212
43878
58415
31676
65052
23698
21813
64493
35172
17718
1650
2023
12805
16709
59221
12236
82587
69972
52681
53587
40684
35067
7694
72300
56472
51079
22742
34028
40348
75272
42150
51020
15309
8166
55231
56712
64725
20239
24761
20051
61716
27435
64542
13764
5953
45216
67390
79548
33892
33488
44355
48670
51775
53626
14268
17819
45734
13523
60091
47500
66377
25684
46540
52866
75746
27344
42080
35544
69693
73329
8674
14245
10711
79043
6732
61814
73473
8085
72665
72726
47612
42106
69809
7507
74718
6705
42256
53710
18418
79623
65340
20798
15705
32557
19054
30089
49416
46055
66515
79829
19573
60369
78977
73233
16785
23649
19009
82574
50753
57865
54146
1733
7185
52190
62169
77234
9735
80416
61688
47553
68484
339
25944
66580
22477
15097
1083
11726
51142
34404
32059
41260
81477
7537
20606
79819
11410
68271
79453
28113
5730
61666
13268
53397
48722
14957
82106
45404
39246
41680
77801
72435
14822
2990
3740
77823
68308
47233
81959
47109
13083
14493
40993
6762
79830
29210
71737
51418
26308
70337
81613
43009
23565
45765
46419
43415
29865
25082
54138
80245
37992
26665
24134
78589
2997
52851
82273
29889